NAME	CD8.cells	T.cells.regulatory	Myeloid.cells	CD4.cells	NK.cells	B.cells	Mural.cells	Endothelial	Fibroblasts	Plasma	T.cells.helper	T.cells.proliferative	Mast.cells
CXCL13	0.311376931692995	0.0597841052707838	0.0654975066531231	0.0642299155749767	0	0.0160831232742018	0.00538234257119328	0.00339777365315452	0.0214850295627695	0.0280041678109523	3.07616453293058	1.72761464090898	0
DNAJB1	3.01207563846233	2.77428764432715	1.96074965022744	2.89440883567116	2.91012239112796	1.74194584777646	2.46673037643495	2.3377345014768	2.86900955430019	1.78085646819888	2.24434567852907	1.85688974892143	0.855115585187528
RPS4Y1	0.460582682846882	0.418651084229111	0.414749870269941	0.396102926612186	0	0.589401460110873	0.745615518014017	0.656063828599586	0.444239386063867	0.126265337717351	0.522883417197523	0.661729116555518	0
HSPA1A	2.3928286238946	2.34419790559426	2.40082042188438	2.31548624692851	2.02436880148516	1.76572222243054	3.29837870615983	3.04583446149906	3.23708756329185	2.2175629281734	2.00627992108347	2.26815111702467	1.20154533676942
TYROBP	0.107808927449262	0.00466031601089777	3.00465953838695	0.00906580296668915	1.8258248393519	0.0214290545754401	0.00181011824643708	0.030067940734857	0.120454993154316	0.0331252552434726	0.0086149674243112	0.00709668633478555	1.79658554467051
GZMK	1.57385892040573	0.100873114283908	0.0974163533254108	0.584579373203686	0.0846783160989285	0.0131908321869901	0.0190770307747808	0.0453920597085828	0.0350000614982636	0.0611088929856728	0.214303987961371	0.582666986989517	0.0117170408792954
HSPA6	0.650924493504196	0.31928431760802	0.543062121703557	0.603955132324386	0.739174800476136	0.53169428905569	0.819876327910525	0.680368013349083	0.802154233911579	0.778335214013109	0.601385068205088	0.342362522981803	0.0268123828251048
TRBV9	0.197189290610454	0.109680626765677	0.00419141624309503	0.0604891947708258	0.288195081950342	0.00185727427406991	0	0.00245695396077395	0	0.0143468044135846	0.102346166903219	0.467299185415507	0
FCER1G	0.0375846149744717	0.0330086252140539	2.54403358188044	0.0046323768448094	0.100586228480901	0.00552358064346677	0	0.0100250613492018	0.0838341540642258	0.00631303178813946	0.00310714451702511	0.0160853299667213	2.15921533050242
HSPA1B	1.79866242575612	1.55363137847971	1.54401833349395	1.87220501154635	1.79457437641362	1.20709130153611	2.49271510464244	2.10053057522395	2.24581240068957	1.80340665216612	1.41331380043488	1.33952916599554	0.697456525727876
CCL4L2	1.00479328159922	0.0194195594698906	1.00641525227412	0.0815654759025528	1.93665513186658	0.0119272183061478	0.038272389690415	0.0476353776478001	0.0307663911014981	0.0428321296666238	0.14856455448036	0.872426213099038	0.159278318809804
CCL4	2.40082992169324	0.0736697118442177	1.80749623752355	0.407839093152414	3.70724709930417	0.0587727631532378	0.104799211597417	0.0839852114868689	0.32977118662185	0.197014214201669	0.600210595478411	1.87640431237023	0.15573155852968
KIR3DL1	0.0228239609322798	0	0	0.000214446707278479	0.0296833369220232	0	0	0	0	0.00048107557756987	0.000748240501392254	0	0
KRT86	0.0988227020322986	0.00697777734009091	0.00615665922176403	0.00395088229590321	0.0116584108789458	0.0015480550505045	0	0.00488373591127413	0.00227516839547871	0.00303870519682034	0.0529543226350718	0.07110410282185	0.00212989918116924
KIR2DL4	0.0543366866456132	0.000286941366812247	0.00164838454470584	0.000392258035591529	0.00732100715988275	0.000152932941186237	0	0.000692609205112735	0.00444431893531044	0.00150206041711529	0.00412457692584878	0.0533943108038278	0.00118443304491742
PTP4A1	0.193530052232089	0.181266489877731	0.0812275607363187	0.163720414220801	0.202448169442477	0.107964756571154	0	0	0.0656394103202443	0.0384395938867721	0.0513016810016004	0	0
XCL1	0.693976333801615	0.0166038974104853	0.0324863801006226	0.141113077070433	0.358383657514439	0.00417502343165583	0.050759144306268	0.0455422978271583	0.0233009784507415	0.039304698740887	0.0751112062676843	0.3512430660937	0.0230298612073777
AC016831.7	0.223211958938514	0.189575321342733	0.0665656895776363	0.254625233129016	0.243874088343782	0.123294915741128	0	0.00172985889996851	0.0707425569549299	0.0620897498438475	0.0927260997538305	0.0115488045236254	0.0233039113096733
GZMB	1.2033433308084	0.0345094256776067	0.14323516485962	0.0823866369433485	1.95366467882114	0.00893770808263823	0.012886991443804	0.0359739221804355	0.0179805044611508	0.0922906961691419	0.233747897759332	1.44600145605996	0.0147121877242232
TRBV12-5	0.0283462777931149	0.012526782274584	0.000396737776479255	0.00801760628266235	0	0.000391919840185396	0	0.0031808779889529	0.00124909489516722	0.00258188178002174	0.00318512336926545	0	0
TRDC	0.0770296806402423	0.00791373256968021	7.5374031410797e-05	0.0049462820979636	0.297847295942618	0.000374664979516324	0	0.00347782777695676	0.0041333922198614	0.00188709696196076	0.00462675214819143	0.03204198333586	0.00625215155826422
GNLY	0.793629233435843	0.0625264034208936	0.0424504595856733	0.10763875678664	4.40513046420954	0.00517239635537119	0.01458198424984	0.0351155393769293	0.0548770198231212	0.0333649793903587	0.254331809990746	0.691907396056415	0.0590671498493744
TRBV5-4	0.0752817931431148	0.0697495238509491	0.0153424110871786	0.0465780925456965	0.00766697896694807	0.00057267966454442	0	0.00670825944085029	0.00583336381307327	0.00317047360910583	0.0765753284903045	0.046680536050204	0.00857390819489871
TRBV19	0.167274320893451	0.141107638824965	0.0203521729769211	0.123290573295665	0.00366909188622124	0.00108924991894442	0	0	0.00276982335372319	0.00580429531213081	0.192243748352915	0.214295932563282	0.0162855049879198
TRDV1	0.0839635460300688	0.0185573438458101	0.00242483340657436	0.0084113091277217	0.0291308463313096	0.000136427905480253	0	0.00328020575547199	0	0.0014139545541749	0.0127143306565825	0.0428049070079303	0.0132586581908496
HAVCR2	0.186650920463434	0.0959540144418382	0.403855694900508	0.0214753066788281	0.0787616593957673	0.00773732169430017	0.00133663215439171	0	0.00854325485188156	0.00552331278638126	0.256091665191434	0.390902708870181	0.67664543971587
TRBV7-2	0.194919823118331	0.169346519903538	0.0274709082119937	0.153221041651098	0.0157660476457695	0.00340402557891882	0.0254962837679099	0.016415126344378	0.0101294537497659	0.0126699443965509	0.189608665133746	0.195077905006217	0.0389353447806245
LMNA	1.09110488523798	1.26764817416994	1.33725394719034	1.34014870898792	0.170634923037698	0.72599668292831	1.76723251313982	0.878380917548032	1.4943114752229	0.346992119113806	0.979574424316173	0.489991063083871	3.68950135560574
RPS26	2.96302808861623	3.09775176199759	2.50020097103746	3.02358027347856	3.7366760645745	2.76683730135327	2.9137807862724	3.04263713855528	2.76604503469454	1.93850053785226	2.69630510827129	2.3507518601382	3.236243244879
KLRC1	0.233950469342172	0.00337423844052947	0.0202752141510767	0.00630918955064664	0.0540758913069917	0.00115551839130681	0.00518321143211815	0.0171958497969286	0.00169576742754593	0.0145312561987367	0.000841210631877443	0.121866544843447	0.0383152929489022
LINC02446	0.77522766832812	0.0108931087229913	0.0300106602584555	0.0600215683022187	0.400295651214697	0.00382240164984574	0.0153698230194767	0.0111232147891049	0.0431793339738083	0.0319786209215923	0.0229926067565226	0.97043613467301	0.0142319633815991
IL7R	1.34395159412142	1.64774718417385	0.701520871501114	2.50362247814562	0.373882715939551	0.031841443636205	0.076862662031858	0.303287962932716	0.131603187255487	0.186628912491355	1.41094437863971	0.277961005947016	0.198563111529173
SH2D1B	0.0155723209152947	0	0.00218091378342164	0.000266630575859997	0.344155762119256	0	0	0	0.0040286408199404	7.26093250581391e-05	0.0010701133252491	0.00785553108132772	0
KIR2DL1	0.0163345459942738	0	0	0.000121516978117211	0.0211752514277338	0	0	0	0	0.000562125872342945	0	0.00222837294798684	0
GEM	0.143852392656648	0.440264541590052	0.275124175035103	0.052544987766882	0.00091102517253758	0.0641557544609515	1.17233562052346	0.0160946912633293	1.52411458305621	0.0397239454148769	0.689164100896515	0.401381208351685	0.0408018240218234
SERPINH1	0.18151484001083	0.254686837886374	0.166660383674983	0.133172871941269	0.0330076586421221	0.104406974677569	1.28970490554623	0.905007949346226	1.42439274087859	0.114578081368072	0.344034398076201	0.13535124113168	0.0167760385270275
HLA-DQA1	0.719132008743356	0.577699673600174	2.83510317724453	0.132681484546785	0.283195010587814	2.70098350179534	0.0280136710267466	0.482853641823763	0.125157947547721	0.251792921775168	0.264316231150565	1.51675991955736	0.0329251115967106
TRBV6-1	0.0627806165532855	0.138789184786023	0.0154402134391003	0.0848878790671498	0	0.00151233049775657	0	0.00842013468987769	0.0103012304928104	0.00688105610566441	0.107097584091953	0.0694224709969268	0
CD74	2.58772919125342	2.94247522595717	5.33629057605329	1.8374558261289	2.09994566214014	5.34049084034284	0.285640031078729	4.19039827188908	0.965734030339955	2.41302276940819	2.28813258785592	3.6444690268222	0.713445185116277
KLRC2	0.205598293451819	0.00226407248925396	0.00655307641013794	0.00259803653740804	0.920378102851152	0.000741993951106856	0	0.0123467678426516	0.00181466776474864	0.00687346793438755	0.00258563833086226	0.154126049018434	0.0099127815955986
BAG3	0.362190158983649	0.457477361530735	0.69522323650902	0.423188579390705	0.112491423421102	0.37217425348975	1.03254687846469	0.811756150747095	0.994952266663782	0.292141754216718	0.622293217050312	0.336847842321976	0.075058261898947
CCL3	0.393712137320272	0.0192032875087636	1.87262226345107	0.0223666951641921	0.740531006036986	0.0139316605171268	0.0392880762274683	0.0154585721740438	0.0466177898410662	0.122225332417131	0.11601176554266	0.757725904610559	0.019591870257909
KRT81	0.0163585698175265	0	0.000998654239732751	8.01709108412563e-05	0	0.000240912116868534	0	0.00211000378955397	0.00567550923313907	0.00044862472047276	0.00236445120482361	0.00313253951816432	0
MT1E	0.243167561379784	0.299343065352618	0.29425105454779	0.216839462235718	0.208964572663108	0.00809743186786967	1.66601844144291	0.767631064468672	1.18728994533719	0.0794889987202954	0.550326822953665	0.717128269849894	0.101170952138447
HSP90AA1	3.10007967260037	2.95162318559679	2.53611462828817	2.90168239341166	2.76839207005219	2.50058025470467	2.34562977613783	2.11308253115085	2.38532778026304	1.85506653623896	2.598130574911	2.8681707581244	2.70523966711389
KIR2DL3	0.0212653417311791	0.000402034430276712	0	9.74519356578474e-05	0.0756922765144825	0	0	0	0	0.000142665475066864	0	0.0036035744163726	0
KLF2	0.71475527315429	0.550848951973261	0.616097312764808	0.9954334626483	2.08080783659931	1.4780180802666	1.25459019575554	2.84225916566358	0.993068329555777	0.773797838624265	0.306696596725536	0.297843582425191	0.116430545908425
GFPT2	0.0675077953329321	0.00140834788062969	0.0105875554037976	0.00877725724859812	0.0215561649029305	0.000749259549216651	0.0970600545741923	0.00988664824042812	0.270100553019151	0.00611006372251825	0.00568555051158787	0	0.0211925539578795
TNFSF4	0.0318875939231775	0.00456863311600541	0.0101889682921098	0.0112615705209169	0	0.00190572837956764	0.00370564299670858	0.00128852116643363	0.0151673193764196	0.000640415730858166	0.0470053452204634	0.204791182401029	0
GZMH	1.10641391977881	0.0257120892571217	0.0703275467992694	0.139172346310684	2.65100357470835	0.00722328936923589	0.0287084433593479	0.0233297594660958	0.0178268196495365	0.0467816401476744	0.0670407379862798	1.00135930256026	0.0138300459282619
JUN	2.55854249477068	2.02870392011182	1.86933156667034	2.48789813072901	2.05885523651353	2.07344626544437	3.3277200192559	3.23036376971199	3.25186311133845	2.37832370838189	2.0143188974676	1.95488135716856	1.221310588078
DNAJA4	0.128726699232462	0.191749454406983	0.252016258056542	0.14722376893474	0.0473561891042206	0.0790942057322099	0.123234795554662	0.160042833820784	0.138776542226062	0.0268086934098411	0.200649510515898	0.225023939068428	0.096539644589276
ZFAND2A	0.494823937405553	0.429847007172318	0.50245838510181	0.432866165657243	0.448639622948874	0.367192427919631	0.476018975947903	0.426881788675472	0.579799608649648	0.28451936490952	0.462899104499864	0.306541013718339	0.34598100009547
HSPD1	1.28401410315753	1.51108342661769	1.30836345660655	1.21618536952024	0.837292308485902	1.30766499158307	1.06659222064262	0.508008286118722	1.00768061946702	0.726548392174453	1.46223057068601	1.49054447282974	0.802241266880344
HSPB1	1.02574065892984	1.3763453954425	1.91170929138924	1.11965354947089	0.73413383516687	1.20833704280327	3.08520706312804	1.89470619669649	2.68916278895514	1.72597219728623	1.50421977980284	1.42567851210926	0.771014230349178
DNAJB4	0.354758657221156	0.444828615476909	0.274988002132503	0.404963134640683	0.261492479482922	0.253355884109463	0.965239645461923	0.607930343015043	0.682198657295733	0.396089401066213	0.338023425128908	0.206426984807515	0.195251583645918
RHOB	0.60478827230826	0.335313649998525	0.959812101711523	0.375563495487281	1.12538349890457	0.91576017428018	2.65616799906216	2.2030515861607	1.53635867844919	0.946568579909304	0.617410287374979	0.614620711046498	0.0996726278250386
FOS	2.57520754446505	2.02550552681023	2.24321024943834	2.55589216714588	2.13639591890213	1.82951438801432	3.67488321109999	3.3789636052712	3.90391902547018	1.85503527327626	1.57295691206134	1.29988122057077	0.885226362828321
HSPH1	1.42488637656581	1.5292330844428	1.19100510501228	1.3264909873798	0.837720578483403	1.20607163758048	1.03069429648266	0.749136777879069	1.06867791700263	0.630549133504577	1.15170191638607	1.22392115343223	0.842864543647025
ATF3	0.514150813580451	0.237120382833146	1.23578341809423	0.341335833339793	0.200738977372725	0.291957360096878	1.76620470018692	0.927610890080478	1.65600719589852	0.396660369202279	0.338980319155253	0.513575364951194	0.276902981089284
GPR15	0.0418283885622537	0.141033054635797	0.0121292850142454	0.064610986609035	0	0.0202596829654385	0.00741320800982963	0.00666353516916265	0.0125908735709366	0.0374284432928117	0.0277012632977587	0.00226946274578013	0.00222120894437517
CREM	1.49916918333999	2.05469569766	1.08630094319821	1.3419794917843	0.766106155671643	0.75426623062165	0.244608863047321	0.259110810111426	0.177999995111489	0.248665501435642	1.83317536038194	0.710123882489406	1.51772563201214
HSPE1	1.74568123292576	1.86149628342234	1.50018647030739	1.58882053919329	1.71866654010047	1.68441781754891	1.38993386390747	1.10687977277479	1.4064078776098	1.11057935654002	1.90428795094044	1.81447592136529	1.09925114249907
ANXA1	2.17857128778813	0.305341198302764	1.57381764152768	2.41810644664517	1.65773495643412	0.0364543623396771	0.615262110283186	1.13722529521564	1.31498137996711	0.224313065173278	0.98702742946172	1.06324107043332	3.65005547600897
DNAJA1	1.57611270539925	1.45315155568963	1.15667218843276	1.32103257596199	1.23838945376413	1.03977289817661	1.33100329139311	1.22961901338126	1.47660452468989	0.506428935479713	1.24052533733284	1.18334014586395	1.6263920564463
AL627171.2	0.155518175626372	0.188924820635757	0.185839432014598	0.30525596863787	0.105470950445124	0.21052534968701	0.032154791021081	0.0662131167091621	0.0966624712435928	0.105071814941205	0.336595163843251	0.70770534625248	0.150561334932338
IL1R2	0.000192065629165218	0.304942336478859	0.134652656615494	0.000409254547567035	0	0.000471280814490421	0	0	0.00608982409115451	0.000353065196814595	0	0.000839534919382006	0
CCR8	0.00129792265763908	0.573815778350853	0.00324737802408462	0.00995106046710308	0	0.000115039087013438	0	0.00735388637810236	0.00174836277586323	0.000681517441520746	0.033078169473252	0.0173062428790955	0
CD177	4.70545300477545e-05	0.161004879640352	0.00169580876724229	0.00030247128887576	0	0	0	0	0	0.000144418913127527	0	0	0
HSPA8	3.05348443997493	3.03480210117838	1.82788196356149	2.80020332069573	2.78556688210525	2.29729153300099	2.12352088520016	1.7881979062349	2.18008891107149	1.33999301971162	2.48751668950396	2.35430432253585	2.03975094324987
TXNIP	1.13537514319676	0.937558633369872	0.805426457639951	1.42273226305825	2.12026989741966	1.1528816869357	1.30480585942629	1.58481054687075	0.820042626584654	0.550051986318848	1.05173579717539	0.426623504505017	0.945467338788092
EGR1	0.29859344946069	0.267368241461737	0.626325223322933	0.296879071203726	0.175282307075711	0.243553895657414	2.01985181534216	1.27414564853496	2.32359804004292	0.333518296947542	0.114940730884059	0.194806638572773	0.227289755064016
XIST	0.142110658578563	0.225390905319965	0.328263916841933	0.207988470381357	0.229983790617897	0.201138124835875	0.193247816913062	0.192446755796321	0.342594940177805	0.314787779148274	0.159519444956566	0.355448615605085	0.504408363652089
CCL5	3.79709292773722	0.176310826080165	0.567830370699541	1.70852800223064	3.92311989584622	0.223977464039477	0.114975926060416	0.219367492917261	0.289834083195366	0.311252113757873	0.826325032930576	2.51544858709046	0.205298856096265
CACYBP	1.08790380219513	1.55800314369024	0.629711539178037	1.02465898593901	0.973030454170925	0.909074202419608	0.67005726775491	0.465579696666718	0.599386072737949	0.345575583333719	1.19362318016934	1.36873295580361	0.45597771730129
DDX3Y	0.115340659823871	0.101210746201597	0.152039348720165	0.133165687236138	0	0.125802703966979	0.0897920715884178	0.167634410826965	0.069084839150947	0.0240508501461369	0.171277962346499	0.185342663905473	0
LGMN	0.00213739777861305	0.121596036496506	0.48452680490147	0.00509285378208343	0	0.239318487987115	0.351907645547828	0.133785861840579	0.332793601497218	0.0654421040630289	0.024455667749763	0.0339434822073453	0.00315145874427768
LAIR2	0.0251630821503306	0.400271174768171	0.00469499240423807	0.0167657956070106	0.353094634871943	0.000159052176163826	0	0	0.00103244297872367	0.0021449006257808	0.415547289429614	0.130928511438871	0
MAGEH1	0.0388822932330817	0.776571567520391	0.0318814150158248	0.0329734945726924	0.0490950137505317	0.0339610943647457	0.193321514084571	0.144403427298867	0.179999891984011	0.0913081488270484	0.342615630735626	0.109120383698	0.0236693303339033
RPS10	0.648384187952581	0.473375222773893	0.42051102537022	0.794603946066284	0.982928165688703	0.662489957763319	0.263915188538222	0.194534452797967	0.454819378414225	0.232503261865638	0.379632926535381	0.274663459347073	0.384705468888968
ENTPD1	0.0945046872755011	0.376723301626589	0.185126941730306	0.0202589240269569	0.00522179984363528	0.143056780284332	0.167818380364403	0.400088044752025	0.196556391050737	0.115809746552342	0.295816970709637	0.437320886102349	0.00610198067198622
LRRC61	0.0100004898468046	0.0434303160351681	0.00606462723364107	0.00870192484098943	0.00879767202847944	0.016187379952005	0	0	0.0130943161212841	0.00462847718434703	0.0197301172834854	0.00324977408327886	0
DUSP1	2.18006824315212	2.12463591485377	2.12414411393339	2.1207158953742	2.00324609207299	1.80396270296302	2.4221247542366	2.92619022163291	2.80980908651618	1.30552270737061	1.73370103061662	1.04958140704956	0.762038023028159
HSP90AB1	2.27405958965666	2.29800466313632	2.02644668606068	2.0758775024429	1.8898281460483	2.303868538789	2.27104980475249	1.81843847368069	2.23539096967917	1.03144222242089	1.98692795746788	1.81764217222953	2.79706948915236
APOE	0.00991365139267504	0.0206672871063981	1.35986120274221	0.00546564502271906	0.00118472842640954	0.00731688199081387	1.06459362384199	0.0240637559767336	0.644322217840869	0.0142319321431565	0.00565717568603393	0	0.0515141587198924
SPP1	0.00684835086011793	0.00180196210763198	0.869320259991755	0.00184491907384654	0	0.00233822104618131	0.00632288577479939	0.0108575522720539	0.0514295176696454	0.00244557181961097	0.000902277358231374	0.00177423511077105	0
FCER1A	9.9410479126387e-05	0	0.318276065372144	0.000260164961580779	0	0	0	0	0.00111834322261399	0.00272990480063623	0	0	0.955792340332802
APOC1	0.0072127600204882	0.0157503759992706	1.35839718562683	0.00852921496892899	0.0115628666899532	0.0104654301674755	0.143913957989803	0.0152513443640398	0.151692156612034	0.00629388929704075	0.0165451656368728	0.0213183661775516	0.214510279848742
CHIT1	0.0026964133482316	0.00306979635909785	0.258683764796807	0.00115341859629437	0.014569506241913	0.00549029673399162	0	0.0045098742486316	0.0133664658635165	0.00669491555467882	0	0	0
RNASE1	0.0032095435342195	0.00463998417527461	0.679298807629354	0.00411588966241444	0	0.00320960452061789	0.0633000945029166	2.8791609091923	0.0111007340718835	0.00460777549385872	0.00136124867518611	0.0066175287938147	0.00249475951942171
S100B	0.0161307998233894	0	0.373642880122777	0.0038453852058394	0.371612592361794	0.000102432500054365	0	0	0.0186664176952146	0.000150711484513204	0.00532449658188518	0.00775468760886913	0
CD1A	0	0	0.102100609698562	0.000160861136560035	0	0.00280831340041108	0	0	0	1.85276512128784e-05	0.00070080259055885	0	0.00625132694571412
CCL13	9.83480803830025e-05	0	0.160331835757312	0.00010838163729772	0	0	0	0	0.0786016746151095	1.11570893285837e-05	0	0	0
CCL18	0.010448685593746	0.00751447349027282	0.354983768618182	0.00247275957480642	0.0344874788964411	0.00197838205616869	0	0.00730121100731354	0.0413249780388277	0.00115305403751381	0.000599709479475116	0.00505925900628812	0.0017038791607194
CD207	2.23766773553813e-05	0.000262605918003661	0.111149625572162	3.69405692225177e-05	0	4.27851831874168e-05	0	0	0	0	0	0	0
IL1B	0.00201188795822346	0.00410617743807096	1.72440820884784	0.00240533271887369	0	0.00452561828060536	0	0.00310113288850022	0.00235638671829936	0.00146979925017485	0.00999205303373333	0.00834304531148989	0.0315788629716241
C1QC	0.00318945933152157	0.00274701097562219	1.73608287271143	0.00208756789518698	0.000884253913244629	0.00300115703152601	0	0	0.113959261262122	0.00312392404497369	0.00515644550453309	0.00489129075152137	0
SELENOP	0.00128637685319276	0.000598282405869176	0.27041200152971	0.000374598013229539	0.00235216572577544	8.54766416236249e-05	0.679502266970022	0.61971476164451	1.69683155157303	0.00534478536684239	0.00236576926275486	0	0
NUPR1	0.00305618378634647	0.000601176990113985	0.471942125111012	0.000652129328813293	0.00859316523453434	0.00256977135093958	0.949998210262275	0.209854155904404	1.39883818463107	0.00150423010490674	0.00142487604868728	0.00197405522163287	0
CXCL9	0.000779974191919053	0.000378423755147796	0.307880879714532	5.87309615923384e-05	0	0.000801027936242207	0.0450446604684912	0.0197224654301434	0.0641708480913203	0.000848888745472774	0.00221945854053782	0.00116041005587068	0
C1QB	0.00637351307755068	0.0062826113425409	1.62073120957574	0.00351078547407047	0.000300474513164916	0.00150465160564444	0.0101861113861262	0.00415752889351522	0.065169504883188	0.000629056382211259	0.0123857935172952	0	0
FCGBP	0.00875964287143262	0.000838807375939686	0.121669742058157	0.00152769469681723	0.00865586286934808	0.00132506296417486	0	0.00178670704090594	0.000710852761974419	6.92188799629986e-05	0.00181506198849244	0.000904585208184574	0
CD1E	2.95533713128255e-05	0.000410845302987839	0.212269084592267	7.85415024957903e-06	0	7.80073550332631e-05	0	0	0	0	0	0	0
FOLR2	0.00095561471329692	0	0.337674287175695	0.00042830578125003	0.00322722681698345	0.0411497772044735	0	0	0.00581595549936608	0.00696701934977136	0.00085808245262603	0.0167069167500954	0.00595106100311325
IFI27	0.0157612915538318	0.0162821259522187	0.350832305783805	0.0108973785465632	0.00800186564455915	0.00661386531256968	0.391721647418738	3.54720495159681	0.158494893240175	0.0195712620254282	0.0042879577692386	0.00420171114682611	0.0119823514007677
FCN1	2.90989147428545e-05	0	0.484407259735584	0.000146941822769979	0	8.29991793753687e-06	0	0	0.000123803857435224	0	0	0	0
PLTP	0.00368588972528451	0.00346235956806276	0.506930939699884	0.00256142015358441	0.00807554246267849	0.00553444023772366	0.616232885040467	0.0508436306776085	0.942135391286398	0.0822135477743717	0	0.0132020789010467	0.00277665406909798
EREG	0.00188772425501366	0.000163874351616174	0.832569253162658	0.000604651410513251	0	0.000239261743182093	0.00136914925684164	0	0.000123803857435224	0.000264111549026854	0	0	0
THBS1	0.105438609607819	0.0102180966453265	0.333962112711363	0.0908291939753085	0.00583379278732327	0.00168860782482251	1.3499380097686	0.0273645930312543	0.888492777825759	0.0147236328269299	0.0408474015016981	0.0294615414733273	0.18218152306993
GPNMB	0.0010937681969373	0.00108453982576952	0.590994428272767	0.00123730523944161	0.000893574188964549	0.000171748776240106	0.0592801489287936	0.00241738349583812	0.307999344264793	0.00267257899367378	0.000873917968090693	0	0.0409552511928107
S100A8	0.00120953366131569	0.000343883382465311	0.841089484993341	0.000450144425623018	0.00423395004334442	0.00166485794994906	0	0.00469167353105424	0.0302643455679507	0.00119735575246831	0.00373875991441931	0	0
C1QA	0.00557752202775754	0.00414968338019122	1.83993285370887	0.00234755975523535	0.00723611114213396	0.0025712089748534	0	0	0.0729127120173188	0.00297588744225986	0.00276483855032402	0.00614226821061593	0
CCL22	0.000138304539712661	0.0181589597528254	0.166290262437858	7.18526540702796e-05	0	0.00484999968192626	0	0	0	0.00122124246248867	0.0034086861536644	0.0119362123149103	0
UBD	0.000560362031587277	0.000676521078495131	0.187765144871448	0.000236697218983624	0	0.000473112590299426	0.0353057325212309	0.0243952463353374	0.260461578901033	0.00395428904065122	0.00860712645792035	0.00875149296005741	0
HLA-DQB2	0.00819499088894833	0.0143983599358566	0.510099017954097	0.00605536635584481	0.00142420452393385	0.0394843874193891	0.00764076133314355	0.0165623597045968	0.00581552901842889	0.00559512261873863	0.00676603305592428	0.00368580270460393	0.00450194870488639
CXCL8	0.00308273876036873	0.00799951399236778	2.05129090569415	0.00440581430345407	0.00028387424944749	0.00514192495833479	0.0476842221903913	0.052435669394706	0.0712858312824273	0.00484375757872494	0.00904858202646907	0.000746954563712306	0.0270713202180467
MMP12	0.00021538672138196	9.47286051306528e-05	0.151515090578156	9.76449730353514e-05	0	0	0.0093121374012332	0.000306259645525748	0.00239126159706602	0.000151304141586821	0.00157684443367742	0	0
CLDN1	4.77710089223595e-06	0.000199807452946578	0.130669136645516	5.25729924053828e-05	0	1.42675906770578e-05	0.00195203791928288	0	0.0174782325946493	0	0.00175691516305362	0	0
CXCL3	0.0061884069446491	0.00203258026641109	1.33871039900025	0.00393613935303038	0	0.00226962027002077	0.0785004602041869	0.199623868331422	0.279442897931787	0.00493475197674612	0.000518340738545287	0.00259705829886425	0.00496818106796785
CYP27A1	0.000281294936305736	0.000445209574745103	0.183966351371268	6.01380047511774e-05	0	1.92399380592427e-05	0.113059207646364	0.062790213459556	0.25409761109894	0.000791238793113997	0	0	0
CSF2	0.0135579288912844	0.00329321196136075	0.0613534475824154	0.0208916864916548	0.00520726489310218	0.000699840214456556	0.00252249889367737	0.00105378092013466	0	0.00151305391014849	0.124258245408298	0.0402627718503678	0.141370103612897
CCR7	0.190965894926461	0.361624563325028	0.384173975835648	0.529632955851716	0.0073774300806707	0.8750781849353	0.0060003511424077	0.0237286806022409	0.0429344374154029	0.041547927243118	0.358761260825014	0.128134203120942	0.0474941168955912
LTB	0.520949421917143	2.063308774442	0.380806348428942	1.37681319436622	0.107324105506943	1.74945202439303	0.0702425601962045	0.0524448518480475	0.06055813433712	0.0844563949911039	0.897032630071065	0.258352736650153	0.152419515722637
CTSD	0.610740769374457	0.47983532964408	1.62757856223255	0.334523286511602	0.533696741988751	0.125132894455636	0.985685430911615	0.509222266335955	0.628275272694569	0.293811627489215	0.686652917427205	0.856931589139525	1.96245111010773
SERPINB2	0.000232756286901222	0	0.0843857787540784	7.05085257425907e-05	0	0	0	0	0	0	0	0	0
CCL20	0.0267947308048078	0.151808838555941	0.697400548440796	0.152598473596545	0.00246348718040387	0.0026977788041415	0.00113095220759037	0.00600997240452847	0.0636121279689039	0.00666693463252575	0.0676817349955162	0.0336742168820348	0.0149490954722
CLEC10A	0.000129562659402415	0	0.543754371899248	0.000145686921529365	0	0	0	0	0.000111626740797149	0	0	0	0
FN1	0.00551710993268973	0.00364677174799712	0.590118477137187	0.00243152726109042	0	0.00305230033667951	2.01371331813372	0.22627640252655	2.32644905054496	0.0036245988883541	0.00437828387178773	0	0.00421411591286769
TACSTD2	0.000236342045964303	0.000146423719078679	0.0614060163204777	0.000988924061054226	0	0.000128440920237764	0.0382490091318165	0.0640389949855573	0.0214657090854101	8.24421941351588e-05	0.00147971236455802	0.00195550498509639	0
RARRES1	0.000121727317846005	0.000380348895877125	0.09928090443057	0.000369271230889662	0	0.000937093330972536	0.0517165470328915	0.012604161680792	0.812074202437932	0.000354583228632367	0	0	0.157291417055545
CCL17	0.000114052057037302	0.00062966953670209	0.163881289119384	0.000281058909542269	0	0.00550915297506426	0	0	0	2.80503266629828e-05	0	0.0125083674282886	0
IL22RA2	2.27751919207701e-06	0	0.0261035216775529	0	0	0	0	0	0	0	0	0	0
CH25H	0.0332575479209815	0.0313056541243031	0.0903074648453299	0.0374838233954568	0.0645272229258338	0.00500799160613587	0.0751349732752689	0.00982350079420422	0.236341823905534	0.000103901731775172	0.0814437620948611	0.0117942835364039	0
IGHG3	0.0110209624500026	0.0143738604391941	0.0244392846505621	0.0723740689004949	0.00322722681698345	0.289450270828352	0	0.00261008102869951	0.198840426587636	1.31670469329272	0.0227845403504885	0.137985819861072	0
MT1G	0.0054706943895114	0.0111088959363646	0.178387820240621	0.0315784804633994	0.00248057303706049	0.000159927681692697	0.0590537057637038	0.00169561313602687	0.029623306456148	0.0208825625242824	0.0227281851895812	0.0135219106294431	0.0205334738482906
IL4I1	0.00268401545718336	0.0137060980710555	0.45315411270112	0.0586453266025894	0.000577418879284524	0.0143065827135765	0.00660923193439277	0.0211525923336061	0.0406274339738451	0.00824386400520775	0.0209691615749064	0.00712215584101209	0.0371642402047749
MT1F	0.247380796440092	0.136950930422294	0.196803128304826	0.179849104491513	0.176548981790874	0.0409668808179842	0.34015559379366	0.108237348353396	0.143132641496718	0.104616599542628	0.226398402971575	0.340233659152646	0.117957943524962
MT1X	0.513579912389735	0.554716805271535	0.562588243493256	0.474589764721055	0.287952354139311	0.0642346442269724	1.28136524224301	0.894577862096229	1.12543558337405	0.316964841324535	0.730235129405682	0.618610707574904	0.414801761736011
NKG7	2.31259989729421	0.0572032908534769	0.221859525383997	0.311708847254572	4.08936578446814	0.0207170460574222	0.0626953850958224	0.0651060448112854	0.0405203317906737	0.105074885645021	0.18074557713384	1.80346372147743	0.0828557979600631
MT2A	1.40157193216011	1.61298782818991	1.86024361397631	1.11452657394551	1.23919567727302	0.239044537408017	3.19730249198336	2.35470650470956	3.039765225996	0.380513429014357	2.04649732488992	2.49583763393077	1.42544068927869
CD8A	1.7872640595054	0.0443363391872339	0.105914253039682	0.251670485933393	1.1860508326196	0.0125676117469942	0.0275669289453742	0.058189598443163	0.022632852874784	0.0937440665944009	0.0585607950029309	1.28355825765382	0.0938800347006217
HLA-DRB1	1.2025351936266	1.21616114473915	3.83823541245198	0.441902319272342	0.950405197660167	3.30718930191049	0.100920440519543	2.73821924701678	0.470133227672795	0.314712135993237	0.582636459861748	2.00462561553066	0.121334711749194
TPSB2	0.000720701814927325	0.0020676421010982	0.00812835268797908	0.000421440323237489	0	0.000542763072186334	0.000536994660467483	0.00818562722224332	0.0144409393322179	0.00669885267266923	0	0	3.82155815045213
CRIP1	2.38431123998774	2.17552629045173	1.72661282445207	2.20275653569184	1.86817583165669	2.09208201327165	1.92126682935314	0.546540395975411	0.459795980236602	0.802711554356633	2.54217046611453	3.14677754699396	1.62935756229287
NR4A1	0.667836127457003	0.35527126166615	1.13201708008604	0.500733300082063	0.594703411046016	1.15005240966546	1.57618059410573	1.5761422985188	1.32905977288048	0.539487146226903	0.302441172122569	0.481675071210564	0.648217687431237
VIM	2.885665979031	2.22570859375124	3.69014470880674	2.92736792734955	1.7666912546919	1.9071253098212	3.75244417281789	3.49372726800066	3.50744358520748	1.6166945365156	2.11115370660444	3.06365026699798	4.69463810870247
KLRC3	0.141042237707316	0.00162142257854372	0.00278928765942858	0.00210699789009748	0.879866330956422	0.000168422971166159	0	0.00336928375856341	0.0033357647887366	0.00122604438874513	0	0.0757438849468881	0.00118443304491742
TRDV2	0.026339696606193	0.00107654003943334	0.00139332877816974	0.00247132643545131	0.0956023014136422	1.42689960597406e-05	0	0	0	0.000965154918330166	0.000561064835202802	0.0457488347680808	0
TOMM6	0.446569187866898	0.490859225831195	0.735148103331804	0.363757781390454	0.390130398341632	0.642051936366283	0.495159088315307	0.446778234119414	0.434395925402802	0.34865885095018	0.623884990973912	0.796587486847109	0.993389078712558
TRBV7-3	0.0398809284280217	0.0584031291256648	0.00906870062148151	0.0596262729957626	0.157512702206066	0.00136662372280615	0	0	0	0.00311253532855971	0.028606494523993	0.0890071642878969	0
TRAV12-1	0.0634729669779825	0.0565025362839525	0.00328071392924185	0.0653395284210312	0.180348226118078	0.000244007026032894	0	0.00323904162482903	0.00367711286404826	0.0145526572937259	0.0965385936598882	0.0333619592723185	0
TRBV13	0.0391098635521585	0.0201898631330134	0.000444317118141836	0.0176796614116731	0.137222020427217	0.000736803320932492	0	0.000809964243362672	0.000820225145429781	0.00542990428964273	0.0157423961737214	0.0747807467290974	0
MYOM2	0.00138788413057534	0.00869040381835538	0.0176604740154133	0.00421031938991525	0.338261122677785	0.00197272161362706	0.0124472973504106	0.00279475633066769	0.0138119122920179	5.94443428180018e-05	0.0122500096165997	0.00649823882450401	0.0107886672533708
CD3D	1.71392191812767	1.68169701219476	0.205216957317255	1.41477204461983	0.980067008419858	0.0212774667897131	0.0561277085213146	0.0887208189145462	0.0498146765196814	0.141015825692386	1.90839253705673	1.61460975947784	0.109921988866255
XCL2	0.809900949917983	0.016557384062631	0.0501469387554061	0.0553321959951816	1.18536466033772	0.00371939051352244	0.0319049662334444	0.0454830109696008	0.0473675263214209	0.0387777834912592	0.0360862689729042	0.500448327170736	0.028605605010692
AREG	0.328968801951598	0.135872536531634	0.67458032087481	0.255460319003244	0.208839988636645	0.321884209662485	0.0373072155178844	0.0557538945815987	0.0632542915216654	0.22804428948263	0.248489267924164	0.0670804805198316	0.295478947151052
IFNG	1.03041731118251	0.0376345461549902	0.0696259087293752	0.276728971204114	1.65449792806871	0.0114162582686734	0.036692010385661	0.032836669703698	0.0262876121219235	0.0479165801747349	0.50667909087913	0.909607089565491	0.0154340816025899
TNF	0.827569129343876	0.348921662123546	0.872903753015194	0.657950269668847	1.7466179275571	0.443028369185812	0.0285447527239897	0.0453621907506469	0.111698130130721	0.124439390085268	0.484409635854683	0.628188270884418	0.161893712365311
RPL41	3.44776845836302	3.23057654014789	2.79353182919067	3.52627095863351	3.26656468704776	3.41305298110383	2.94240422360648	1.83532536333631	2.96230803478407	2.06320861762914	3.31925148700801	2.75861180146778	3.15111091498958
IGFBP7	0.00849809519131718	0.00636307750524484	0.136206817974268	0.00839305131807696	0.131323992468798	0.00552450909970207	4.39554775788376	2.41556911581785	3.09371360272927	0.00634721596988289	0.00110463250137984	0.00221267170943819	0.0295126757862074
TRBV21-1	0.0263673179209165	0.0289590517070951	0.00101936101300311	0.0299072402057287	0.0350987237038446	0.000592614048351656	0	0	0.00578025409467815	0.00090763317972638	0.0285751616445493	0.0142312945636424	0
FCGR3A	0.0272116929528821	0.000478427489861649	0.750279465587091	0.00255841409841472	1.67922576826868	0.000235541804159056	0	0	0.021854700510437	0.00110314038748422	0.000461112774829155	0.00360826042919268	0
KLRF1	0.017433605843243	0	0.00148651246058937	0.000527717451288303	0.485645533944162	0.000830314412526466	0	0	0.00182619890055054	0.000541660724560202	0.00302900990304123	0.00317806914236451	0.00392354305394276
RPS29	3.36713786388801	2.96101003561647	2.43307399207627	3.38892758227003	3.04715960554323	3.41768499305234	1.69442143712936	1.36113466487473	1.93193989769865	1.49251448810908	3.08274930730266	2.46913306127564	3.19579982706991
CEBPD	0.209773374588177	0.0243538595096214	1.16028497636592	0.16004492871899	0.17252490802665	0.00566017759133368	2.10668151139779	2.57293527728066	2.03197440497814	0.0338619367063382	0.0368064330659539	0.106540036903893	0.00797192711781736
TXK	0.0408786522721848	0.0430729993049972	0.0040705020607988	0.0628742860819758	0.0948565052508445	0.0024314380595443	0	0.00484175107561015	0.00259546468092998	0.00470011728928058	0.0294995862875701	0.000384278160403192	0.00508819453353921
TRBV14	0.0359002782433657	0.066547077968675	0.00156751631124206	0.0303893163421718	0.20472473835406	0.00219928162887522	0.00570330039663211	0.00422943817282963	0	0.00530106272151359	0.0638432475558503	0.00994542297438773	0.0230669354690072
TMIGD2	0.0437395453327469	0.00501862242506869	0.0109576963480998	0.03183255518046	0.0149907613951782	0.000270610393455531	0	0.00374674696708775	0.00149965990301252	0.00148744753102047	0.00631121107610287	0.0931166961977457	0.00232258124918458
CD3E	2.25971701851886	2.14923497984216	0.28907169024414	1.91316225624551	1.81044452265323	0.0275490973689182	0.0850722285225164	0.129100825221751	0.0956428808685332	0.184655964015603	2.26625731925994	1.72075170620041	0.121321978321626
TRGV4	0.109165673731016	0.00484698404353838	0.00471699192592169	0.00549249214737133	0.142897420242238	0.000516214454945651	0	0.00361148947848972	0.000679267386380634	0.00439696247791831	0.00231020930306012	0.0249317051064029	0.00206474738800686
CD8B	1.1791499546125	0.0416667720921725	0.0544018706432253	0.179770320301488	0.774995638528662	0.0055839035477779	0.0129452083251075	0.0345526654253543	0.0335968456206831	0.0467975127822118	0.0353872612878885	0.771992722634633	0.0343170699263613
TRBC1	0.698209596266861	0.896418491238933	0.104978760071479	0.592163824685968	1.29506464388613	0.012299537118348	0.0344716433324114	0.0382631711397144	0.0301670848825857	0.0520521468752309	0.719177098108628	0.629858909178403	0.0367913332773982
TRGV5P	0.0085625023801346	0.00260890688839118	0.00756725164515	0.00629935080748079	0.0827792058138766	0.000439394941074036	0	0.00184268881081051	0	0.00345606142650005	0.00297809268761594	0.00823905904657254	0
AKR1C3	0.000845682331284837	0.0119249254408844	0.00848300373220614	0.00301700313587882	0.0407191007238192	0.000302109149346483	0.0600800063030427	0.0536525058141403	0.125081321142781	0.000272728546568601	0.00390354041774423	0.00275479493163954	0
LAT2	0.0374204742335453	0.0455537730720797	0.355426194744853	0.0137357447116322	0.147234296279754	0.571356490314609	0.0047378550842883	0.00510214077122264	0.00312778638350425	0.0767911647959628	0.0434735032449106	0.0993104203071827	0.765005317988975
U62317.4	0.000239767934386541	0.0011270403362787	0.127593081804994	0.00115603427119453	0	0.146303849567768	0.00375384518752134	0	0	0.186389303879989	0.00134984665564941	0.081259426872736	0
IGKV1D-39	0.0041898468665965	0.00402311977790272	0.00739458996373604	0.0030317919107426	0	0.0346528302390999	0	0	0.190051889324762	0.237629440218135	0.0083176856417166	0.0222536603200628	0
IGHV1-69D	0.00862458583288215	0.00905008067470569	0.0151354214092648	0.00840144381404687	0.00292507409321089	0.162014665772557	0.00202193355185502	0.0125548896918376	0.00636985529737818	0.425500198234632	0.0137031871769026	0.107020749203157	0
MT-ND3	3.49616290799819	3.45328756185932	3.46696590868092	3.47153707210314	3.56878194863483	3.76860585266263	3.58139949154058	3.31628058625682	3.33386600818791	2.93487133882945	3.19013753843006	2.99595807601503	3.74537807186037
CD7	1.51148977801477	1.79236193717245	0.19328012375509	0.936953100655644	1.1044905167744	0.0163300972519271	0.0651421828556643	0.065214593287334	0.0577445661922046	0.134601168072052	1.79436345146779	1.1723125245906	0.232249193756724
IER5	0.223423111153476	0.242867422396869	0.714406685350715	0.191137223656731	0.24916483428407	0.494798329484209	0.308681757002419	0.342736103599284	0.307996671257486	0.227515473562341	0.223006685078002	0.341811892636932	0.179457537887419
IGKV1-39	0.00771118115276245	0.0134683760362931	0.0148170039883901	0.0145279955381524	0	0.125510380360665	0.00703176674348931	0.0028789937639507	0.582158611058817	0.406156596385609	0.0170876355723592	0.0394077286081983	0.00674700111227616
IL32	2.57348317952501	3.41301010915626	0.4722666121413	2.30699639263227	2.5757290092513	0.0409575731894972	0.511988455771451	1.19445959892202	1.16516922983884	0.231725776597953	2.65550823282407	2.22594425965378	0.148034929032693
CST7	2.23008113926769	1.01387619443055	0.630924907652219	0.937087586384807	3.01666549539631	0.0194333958014672	0.0584945243618389	0.10255387983216	0.0656892161564587	0.128388737373929	0.939656519866905	0.938541208919931	0.88343631223142
IGHV1-69	0.0013680400251934	0.0041426388734559	0.00370835421659111	0.00151538496932626	0	0.0433916043245439	0	0.0036219322620822	0.00181470474824811	0.23912884284734	0.00197673151584951	0.0131710349675572	0
MT-ATP8	3.06284948751163	3.17918927707894	2.97588635701225	3.13369893828434	3.20842667402788	3.17910162767766	3.42978144557263	3.08261702610797	2.91566075229455	2.27440692856376	3.02521810670185	2.9636204786203	3.09153236397318
ACTRT3	0.0189655280530204	0.00951917916445776	0.00284063555590923	0.00705037885748483	0.00515550926660503	0.0309751849191332	0	0	0	0.0199062992117172	0.0207493096977919	0.000965219406372015	0
IGHM	0.00709924442233356	0.0302878087161804	0.0277855091092416	0.00896380415484832	0.000440577764873239	0.588020113278444	0.00538468001138779	0.0074586156493579	0.0163551781161417	0.638821270615474	0.014466001974699	0.147654963774276	0
LINC01857	0.000384907786700871	0.000596907863269945	0.100009590746614	4.62604844064441e-05	0.000328890185006331	0.524803342804134	0	0.00471937883070174	0.0155962428930922	0.00283720261211262	0.000285954394774747	0.0172055535649233	0.00610198067198622
IGKV3-20	0.0851198043380085	0.0979030288559224	0.0874386030650122	0.0823394707892089	0.0555934396231452	0.685373523158092	0.0180512397141527	0.128690246850767	0.113491427655491	1.32253449753151	0.0896322020937013	0.244609276141706	0.0801823879917285
EBI3	0.0021006081079547	0.11243697600637	0.125111785553379	0.00098861730321439	0	0.0836235859946842	0.00149926998745328	0.0212367827794932	0.011988546504722	0.0159148474921278	0.074470512328061	0.145149400794384	0.0154518632647658
MT-CYB	3.55438729752733	3.51390499558599	3.48449069563851	3.66570392015216	4.07338588946531	3.66974937174581	3.86134780615984	4.05807017867974	3.49275758560501	2.94468184450642	3.31062081044488	3.38407052323481	3.7515095309747
CXCL10	0.00331279928633029	0.00254774830588406	0.234672104751061	0.00299697290447447	0	0.029031908133438	0.0301419548966287	0.00150958358322145	0.175842997329174	0.0316785743511696	0.0118637077322901	0.0143746982397074	0
EIF1AY	0.0681947600099379	0.0710028064748155	0.0594380651424509	0.0460244180736782	0	0.192056653512766	0.0644071274331492	0.0654565878097617	0.0397985424596456	0.0650840654449396	0.115163824410448	0.226020964090898	0
FKBP4	0.352278810628488	0.400904276024885	0.398442644747064	0.331260826511321	0.147287082178038	0.473466289507476	0.452971700360178	0.177216390867933	0.204112183324959	0.129052827667907	0.394488025133851	0.343460861718185	0.218067716662386
IFI30	0.0433293164794015	0.0387939305711036	3.03270894619904	0.0278571718463618	0.0317064073336525	1.1607529582011	0.0908012976833479	0.0829595180831016	0.135093871941859	0.300800384005284	0.0320661530313079	0.269437177312208	0.415805829328165
LY9	0.280031351476051	0.178764626216046	0.0995370702487356	0.195437120709624	0.25196361811344	1.48986307807445	0.0183085319440928	0.0241799352698861	0.0136286299810118	0.248625502090822	0.113530087287592	0.151461305655738	0.0365308956688303
RGS5	0.00208806911231104	0.00108831978930004	0.00579604082227205	0.00161851092460891	0.0124090339141579	0.00330450905684305	2.38809446671661	0.238024211080384	0.0201079902848361	0.00131208335316773	0	0.00446314350109497	0.0200633655248879
HIGD1B	0.000149348053549158	0	0.000389914795996347	8.99592565093929e-05	0	0	1.43525174526106	0.0333947415296106	0.00181784817879519	0	0	0	0
COX4I2	4.89009113000018e-06	0	0.0027789704884411	0	0	6.75034796052095e-06	1.62563492411219	0.0361168121344496	0.0203737849303285	0	0	0	0
S100A6	1.82379084128431	1.69457765081373	3.00270244652272	1.69633701443346	2.16518045952052	0.886787962123576	1.93264637688977	2.2434964787379	3.32739799014016	0.695505730005237	1.48548495713313	1.86640704967537	3.32663836102953
MFAP4	0.00110356715429205	0.00040887662745903	0.00203605239378229	0.000219217509845859	0	0.000140834494795338	1.22495223411987	0.00517912847331631	1.93777171656077	0.000551523900836383	0	0	0.00630072375185881
PTN	0	0.000287962931529257	0.000903458958408403	7.72462314687468e-05	0	0	0.740355150916249	0.00614925943028683	0.167968460532305	8.82865956368012e-06	0	0	0
THY1	0.00102714912548101	0.00634369709402687	0.00182667220559033	0.00268317019061561	0	0.00014064597260571	1.09434435319199	0.0511364631586387	1.17045895143359	0.00124261475218448	0.00263885955163533	0	0.00279207183189256
ACTA2	0.0421061534679704	0.110125285583316	0.0180114595266362	0.0273219774765173	0.0501643971836837	0.0111773212135019	2.90957361498675	0.0339407794706598	1.42032005182355	0.00531915404309934	0.0718266002176875	0.0756058008257807	0.00216631345594945
TGM2	0.000416271139909417	0.00224871461433457	0.101995894646822	0.000451270652610013	0.000300474513164916	0.0498474189603846	0.808814774635986	0.910394971176578	1.13301426274774	0.000424895721477032	0.000131472528466196	0.00108677855695764	0
GPX3	0.000843110599501131	0.000633591341138737	0.203114168132387	0.00139131147186828	0	0.00173403175886962	1.79899102835052	1.12848496760624	0.737173852437496	0.00705865206427043	0	0	0.0016009443240112
LPL	2.69078013726081e-05	0.000466567904246515	0.0683499149678283	9.67639921244981e-05	0	1.13236955223311e-05	0.352938770879982	0.0192951997703322	0.0512327970180388	4.24264485805418e-06	0.00191664136804288	0	0
CLU	0.0839780736936752	0.0157581514945682	0.0348748468840097	0.133336943469204	0.0583843523218749	0.00207124669489214	0.32980231784721	0.320643546244841	0.671804018712555	0.0105328389120956	0.0876496817127572	0.0550207178178084	2.38543221689716
CRYAB	0.00195782482962785	0.00256927499689007	0.0174766199545902	0.000407198198241446	0	0.000880364736543409	1.24840717523958	0.00412630185808039	0.865306039314451	0.00191231303592087	0.00405218935189262	0	0.00577694387538301
SPARC	0.0111511683797601	0.00471437240031123	0.0748770586778702	0.00997415340377694	0	0.00565763281492533	2.86107227221603	2.61605463256451	2.67138384428555	0.00899655030514707	0.00500311862004097	0	0.0212906936330293
CCL19	0.00126715332431494	0.000638256712245508	0.0544222950366553	0.00215592949565749	0	0.00154751450271311	0.348644436291178	0	0.257150366952435	0.00101971356020295	0.000746594234213375	0	0
IMPA2	0.00489552195116875	0.00508552215438806	0.0520464415105793	0.00570089323804951	0.0109666749980829	0.0130840765373465	0.575477519527755	0.0386195481374374	0.0168109611470515	0.0158000661877926	0.00175440074826065	0.0363763020579068	0.00720586518176658
GJA4	4.90313391605338e-06	0	0.000417956564135669	4.35268482875898e-06	0	0.000663356195281864	1.07748204787162	0.265250308865575	0.00429134947465702	0.00053199058051668	0	0	0
CXCL12	2.86737265592376e-05	0.00149227800139788	0.0228696049481057	1.09393476055205e-05	0	8.03775395388628e-05	0.292108145122103	0.124203855581519	0.688556726100377	0.000356223870274626	0	0.00400598401591972	0
MDK	0.00192380426180982	0.00860065028371718	0.0252949217926362	0.00512968448541879	0.00129384298991169	0.00204184758237275	0.473680329923865	0.389697390465464	0.900175307056633	0.122110207518423	0.0142814379151921	0.0104280909546055	0.00288676308635108
FABP5	0.639568708114086	0.21828780144683	0.987687921092087	0.222381406019028	0.15525774533806	0.287586834461222	0.51633008336969	0.545597135511415	0.0300582122197771	0.0920538805696336	0.751769019986045	1.62200752225201	0.0983940934419
CD248	0.0041486152253682	0	0.000272754244104262	0.00195135164898986	0	0.000173443090195888	0.60177729548584	0.000368889620877762	0.280957960843606	0.000259292020720708	0	0.00984917645457114	0
FAM162B	0	0.000179592090763541	0.000468674327464101	0.000120439514371323	0	3.83507616424272e-05	0.989018623265466	0.0081595785566171	0.14860513737529	0	0	0	0
DES	2.34369268421852e-05	0	0	0	0	0	0.327385984694939	0	0.0129244875176161	0	0	0	0
SLN	0	0	0.000662839336824605	0	0	0	0.244781234598785	0	0	0	0	0	0
ARHGDIB	2.4585368807725	2.58507632611813	1.79177143560156	2.28664920098141	2.3064938931827	1.93737931198375	1.3140379061736	1.52071263385038	0.365470164656259	0.531117600966054	2.40207778648224	2.40834353371701	2.00449774686394
CD82	0.362696027684783	0.570955246848685	0.189767554622066	0.399752557029302	0.0118562587462641	0.825331787619364	0.253758828628299	0.222306732431315	0.641796282304295	0.0514529951778306	0.737179713646469	0.620765926290694	1.42110836376062
LAMC3	0	0	0	0.000185918778604938	0	0.000732174566852729	0.576769870331035	0.00405839103996064	0.0259299122829264	0.00496534208693363	0	0	0
KLF4	0.0332588538332335	0.0350822780324583	0.957821657252347	0.031731240702538	0.0106781195660163	0.0438855881128052	1.02516850379658	1.71611320350983	1.13915144894493	0.027763510999035	0.0286737169139219	0.009750317086554	0.1007649941214
MYO1B	0.00352860250654451	0.00046682520935424	0.0023664903175424	0.0111022884933864	0	0.00216923329359991	1.0019215148011	0.165149299733309	0.201952481045082	0.00272733099415387	0.0177909604004633	0.0127722681351951	0
FOSB	0.954702990615811	0.639837785013741	1.40290557567424	0.893575106694271	0.782576579105694	0.827319734930078	1.88297616734694	1.15286394629168	1.92261382454254	0.688295043830781	0.367977012355749	0.409051717964477	1.12118108268208
PLXDC1	0.0520944036728343	0.0077912669708786	0.00792625878888892	0.0472133819844577	0.00502024525439688	0.000573848962488165	0.607604228807765	0.00185640117132288	0.0767752906046394	0.002809801097769	0.00757810343269787	0.0156153942356421	0
SERPINF1	0.00549100974297776	0.00116160111995681	0.363458452002155	0.00132287605099333	0	0.0111231079508032	0.136618146688953	0.0023302131682914	2.09159314157498	0.00393002995982548	0.00277758171887597	0	0.0619872432506466
TESC	0.122653270813424	0.0789493651092018	0.0778472843487092	0.0914158974225509	0.152884523196463	0.171710179635376	0.356001456720528	0.0400215065357178	0.0048680359285947	0.0213797680158636	0.0882899664394105	0.292916831738426	0.31752278919137
LMOD1	0	0	0	0	0	0	0.654112069938561	0.00624012486422117	0.137662343220398	0	0	0	0
PPP1R14A	0.000419073281512755	0.00109835136334965	0.0768824122184538	0.000920330771995748	0	0.0171990061482816	1.8299722683749	0.314088945494882	1.06222527808763	0.00207603523718792	0.000437626363679008	0.000903742488727706	0
NDUFA4L2	0.000685686888380105	0.000627664263939864	0.00291996115072903	0.00145108820854603	0.00478386156520396	0.00362751881557215	1.94806292382036	0.0408726977552233	0.159342171462849	0.0243635733464611	0.000413719814179677	0.00355992263471951	0.00392124878290972
C7	0.000344358908979403	0.000393412793424488	0.000433537063611634	0.000438513774080735	0	0.000157898112824676	0.402121162061222	0.115996199199628	0.728972381680141	0.00048575979084525	0	0	0
KCNK3	0	0	0	0	0	0	0.390853078111559	0.00135541495050552	0.00821277836541849	0	0	0	0
FRZB	0	0	0	0.000511195447001775	0	0.000178399703989479	0.910251817864343	0.00401978775094843	0.484235170550546	0.00507550416367433	0	0	0
ALDH1A2	0	0	0.0192626658006779	0.00162890553378308	0	0	0.196624419073572	0	0.00346690592189661	0	0.000209918097945374	0.000716339351690766	0
HOPX	0.63463105402219	0.0382045116451219	0.0857915895244537	0.36813776113484	1.66431274701303	0.330876277380816	0.719482949567756	0.0704218107916524	0.539011052278878	0.0515278120561184	0.203793152595737	0.288309433812236	0.0347731951396206
LUM	0.00384537327577752	0.00492300766116738	0.00544680832857635	0.0033077393225935	0	0.0034819967462726	1.07373942259988	0.00610170861751478	3.52859085099489	0.00497626030228254	0.00189143214531169	0	0
COL1A1	0.0108344324407344	0.0226323057510975	0.0207609823448115	0.0120561746152929	0.0139096222951855	0.0105100237753633	0.976884966756107	0.000578550709121127	2.40883508566467	0.0068474461153931	0.00236662704501398	0	0.00148132292859568
ACTG2	0.000377862439727161	0.0367265567013199	0.00353705546402365	0.000231842600774064	0	0.00027029841689331	0.669197669487853	0.00132512341485565	0.114551856754236	0.000131461732820154	0.00647047599886691	0.0223560510784604	0
ACKR1	6.32511177629153e-05	0	0.000401003551276757	8.59711763349718e-05	0	4.15062938140895e-05	0.00716412059746592	0.369050288928887	0.00253311305257871	0.000207499403663579	6.561694411281e-05	0	0.00592467850096363
CCL14	0.000697732160347701	0	0.00122827351967735	0.000284569153905554	0	0.000355060084240065	0.0681402051739528	1.53069342506183	8.30567392648577e-05	9.04139262167095e-05	6.561694411281e-05	0	0.000726017775647691
POSTN	0.000694893287817082	0.00152829045532848	0.00302328006775296	0.000429557170954059	0	0.00118534331754886	0.119257039999868	0.841955453813488	1.19061385860297	0.00117153867865636	0.00248544039142458	0	0
SELE	2.82570039924129e-05	0	0	0.000144245182614931	0	0.000162310539850269	0	0.14814028835993	0	0	0	0	0
ICAM1	0.0774594239408766	0.104714895157857	0.929233459596397	0.0655983520869761	0.0848304706497341	0.151153649976951	0.253523541164452	1.0524969065745	0.991404736830045	0.128643803059316	0.062610339129546	0.0894657037621829	0.600041929521952
MTUS1	0.00343078280445979	0.00226304200239935	0.0106425175858691	0.00466980350014824	0.00307028318697495	0.000657847613993354	0.443585197044123	0.48090706199743	0.146255212663641	0.0036811153569959	0.019207547032508	0.00452842484046198	0
TMEM100	0.000208171640673613	0	0.000353692893904353	3.24541701397413e-05	0.000600253733352919	0.000252824221060876	0.0186685245984163	0.551466764171848	0.0531891874489553	0.000285058040060708	0	0	0
RND1	0.0278062750339204	0.0235775863627889	0.031578843451815	0.0120984566703204	0.048237870466027	0.048272763307578	0.0359639969242344	0.349188493251222	0.0233105347874627	0.0392955211318747	0.0162814726738138	0.0135276012111737	0
EDNRB	0.00027030746483249	0.0105276915744216	0.0066382061230212	0	0	0	0.404117983432733	0.293435847018413	0.0493886658675628	0.000434806356812028	0	0	0.0465913955172648
NTRK2	0.000245540947421409	0.00568432981678428	0	0.00216953709760806	0	0.000283297344273902	0.054814096287172	0.164827572917965	0.0138802291664989	7.32396430827565e-05	0.0509305601594099	0.0239491843286239	0
CYP1B1	0.000202777388013444	0.00163589981068802	0.125931925517227	0.000105342607617462	0	0.00101974931568759	0.0564126810226586	0.217135478089396	0.662296619998705	0.00134766198917376	0.00050588145003056	0	0.030549970691823
CPE	0.000748097566472534	0.00802716020734401	0.00521604903422439	0	0	0.000521426810908558	1.03540716304698	0.0842852752630375	0.375414795805821	0.000175761401458423	0	0	0
MMRN1	0.000932287270154904	0.00206139668182995	0.00175981780190904	0.00149454564397308	0	0.00043213054741221	0	0.146308940591184	0	0	0	0	0
PTGDS	0.00355878218502195	0.0020786406438491	0.125058233105862	0.0067465939827976	0.0936532870792898	0.00268651544136198	0.038147580302351	0.193413886168552	2.11274177358427	0.00112828325936664	0.00131885643430622	0	0.00742134248407188
PLAT	0.00138334429331283	0.00270861471401514	0.00104612685105836	0.00528250474041026	0	0.00012049058638909	0.331105055408378	0.476752859881903	0.369111714354996	0.00258028073826331	0.0280986949831764	0.000827166559907864	0.200785143069052
F8	0.0183684240732228	0.00849573140004809	0.0153746906520698	0.00962600332767417	0.0240033224975632	0.00649660429122582	0.0219143872990054	0.560300737285639	0.0253386857476769	0.00651904383596348	0.00698211566572489	0.0147690570987802	0.010794239735571
SOSTDC1	0	0	0	0	0	0	0	0.114662135973738	0.0041335296083231	0	0	0	0
SELP	8.50236021894266e-06	0.0150462083549145	0	0.000764705742274898	0.00108454573931556	0.000810603386501097	0.00173358815370908	0.0992718856127805	0.000244247143299877	0	0.000980549438206301	0	0
IL6	0.000708831041780707	0.000713532161412831	0.131420346872202	0.000568431039443487	0	0.051332941853047	0.062321473857894	0.187985645389196	0.255496616204014	0.00653269387455453	0	0.00201262534187351	0
S100A4	2.1267145400346	2.72300597427145	2.43275128754744	2.335189216718	2.66721350478023	0.791586540843572	0.792896016140682	0.577993342787344	1.71282771702953	0.4705535402549	2.47528753881523	2.35241932478034	2.6237889525321
CCL2	0.00128370133701961	0.00298083558138875	0.365756515646959	0.00201119795022121	0	0.00185603567206435	0.229806627633998	0.660862090974274	1.34983708281053	0.00347535309938895	0.00203966902576336	0.00890178171284226	0.0905503423831209
HTR3C	0	0	0	0	0	0	0	0.111079937924248	0.00100857260219451	0	0	0	0
HPGD	0.0388975302710879	0.278667154555634	0.036182464036097	0.0343880999111829	0.0171151379327476	0.00161087996787852	0.015926747195208	0.622335582570237	0.00840642923765945	0.0147411942267545	0.00802748159531552	0.107398779674975	0.938590979524557
CDKN1A	0.492613271480081	0.642433992709514	1.52652004546751	0.750603321460982	0.195335955017699	0.770903705483293	1.2972838335758	1.42858292704986	1.26142734092032	0.661694218764907	0.475832488717321	0.669404781059683	1.51071957138834
PLVAP	0.00013922624617072	0.00190193067249742	0.00898146877541109	0.000194064389767998	0	0.000163899227296169	0.0657676593657168	1.91283357883452	0.00314336195990854	0.00129160281910672	0.00147971236455802	0	0.000726017775647691
SLC14A1	0.00961545059503085	0.019412127447629	0.00429385981249104	0.00988353400568216	0.0560967217497776	0.0105037738612443	0.0116358149616689	0.174629601213888	0.0016708875113177	0.00370781408700313	0	0.00593439156664843	0.011205894125541
C2CD4B	2.15757783888734e-05	0	5.81411966601989e-05	7.08636866043155e-05	0	7.97768193159675e-06	0.0205179273616565	0.346290343202862	0.000611656920707168	0	0	0	0
IL1RL1	0.00113883459961529	0.0420448754340362	0.00596894693092758	0.000567237938670748	0.000170464646865304	0.00047715181169058	0.012368783596266	0.077091380376522	0.00690549237627338	0.000341668168272712	0.00125179258192545	0.00383694722221892	1.5587708841873
PLLP	0.000184117220315615	0	0.000174891772234624	0.0003699373190739	0	0.000521262973945142	0	0.33281132648178	0.00102699708600507	0.000439906813839973	0	0.0021321220326487	0
HSPG2	0.000644667398333699	0	0.00438668307899259	0.000886541084490588	0	0.00185817649516214	0.183148853800473	1.45254180369498	0.435572888233086	0.00447216274673402	0	0	0.0397574622895198
DNASE1L3	0.000845629518248646	0.000263529420927203	0.0637602109944387	0.000246998996992578	0	0.00414085450651354	0.012901152459382	0.582066626533411	0.000161372288848591	0.00201605329762502	0.00147971236455802	0.00155920336637671	0
LYVE1	1.51992849238252e-05	0	0.0138161002718767	0	0	0.000600812578976246	0.0131294003454217	0.39446301821032	0	8.07652501031315e-05	0	0	0
CA4	0.000103543548288348	0.000877141750180085	0.000230779342519478	1.36843460200866e-05	0	2.90091201902784e-05	0.0434214044620904	1.64724082191813	0.00019139911897203	0.000351788127674838	0	0	0
TFPI2	0.000460690534829948	0.000510093366738884	0.0086916468269928	0.000118423743413406	0	0.0131160186959751	0.0108043576348502	0.172501138928835	0.0386539743479425	0.000356617994790069	0	0	0
CSF3	1.64183744871576e-05	0	0.00397334607318036	0	0	0	0.00965511270936241	0.0583298627414298	0.0421803581630686	0.00025776758158091	0	0	0
MMP11	0.000746563146457744	0	0.00110428903351918	0.00108546161608797	0	0.00554392479442542	0.245665170638303	0.00483472045856878	0.568510730722197	0.00408381264145151	0.000818723344662772	0.000417526239839257	0
CFD	0.0217258250702649	0.00844953343412828	0.61363516423959	0.0172608575759798	0.0276780963246043	0.00890501093922578	0.00839593223684513	0.000431358142287454	1.72962942952588	0.0077463402010213	0.00101919537141711	0.00737593041831383	0.0450650040599895
ADH1B	0.000407998793837526	0	0.00168403028865612	0.000578329701780653	0	0.00156040681760829	0.588428306612409	0.000801578433398996	1.31040433654224	0	0	0	0.00630072375185881
CXCL14	0.000705685574346046	0.000584203588654652	0.00652546654371651	0.000589766363733652	0	0.000336160725636982	0	0.00291016525378606	0.430433177085624	0.00171382198153647	0.00245337100797306	0	0.00160863959294989
SFRP4	0.000128978062046998	5.64036886530354e-05	0.0013805294129744	7.8383161589456e-05	0	0.000119156713446332	0.0573633018222897	0	0.956852196701197	0.000762765045769628	0	0	0
COL12A1	4.70545300477545e-05	0	0	0.000259683812566789	0	0.000212504361616859	0.437235136080917	0.0165001666847311	0.320812156864659	7.54410340595568e-06	0.000288750227110528	0	0
TGFBI	0.00417364449666267	0.00508102205874565	0.730305598488662	0.0143586544313314	0.00168578575128297	0.000281025779517368	0.483566025405038	0.000335362119252989	0.336812346465374	0.00299666027124061	0.0105389931952441	0	0
MYH11	0.00127181825206431	0	0.00157450683952433	0.000969289237119617	0.00399160069370466	0.00256806775899567	0.99177709175749	0.0612549923645031	0.207216235547805	0.000825424804833007	0.00116857571796672	0.000573205954370548	0.00880554662017852
TCF21	3.28694018626917e-06	0	0.000661466038566672	0.000433532525436413	0	1.09119215222924e-05	1.05920355426756	0.00358040616823847	1.23614063165679	0.000384276438101216	0	0	0
A2M	0.00199273082530358	0.00177351881005015	0.357754483327103	0.00453825278166139	0.0106711409044285	0.00155873016205278	3.28438184160097	2.46364404892609	2.81356934968226	0.00292401655952246	0	0	0.0103562552796106
CST1	1.41129829617265e-05	0	0.000478135144140527	0.000284676689471411	0	0.000908802512904091	0.0195279321375962	0	0.249171435403969	0.00155911718846613	0	0	0
GSTM1	0.114727002569127	0.115559263552154	0.135159573630762	0.0935669762898828	0.169277737780283	0.116140760551246	0.11399947624815	0.100801160951395	0.218144782613742	0.0565841249924989	0.165619582565481	0	0.30852193043492
CTHRC1	0.00273756698790164	0.00226005992159611	0.00374900643690189	0.00167643349446505	0	0.000775639639961314	0.279047347181395	0.023051774612084	1.64892940033854	0.0455415592341153	0.0405780885535447	0.0324563192307298	0.00768007305594011
HHIP	0	0	0	0	0	0	0	0	0.101415810948301	2.51696674594102e-05	0	0	0.0192747110150381
FHL1	0.0158055553206457	0.0281315546746299	0.0194961795829822	0.0739104060424832	0.0112011103494417	0.0194598793667118	1.02080945213351	0.300786427730529	1.08648899928968	0.0189740081343545	0.0607503100300282	0.0118334879087428	0.075242153709542
IGFBP5	0.000562123728388877	0	0.000728814976547924	0.000359175026293319	0	0	0.888433203758042	0.102604694830873	0.70392592660716	0.00230152085869869	0	0	0
SULF1	3.71807812690817e-05	0.00186000190711343	0.00190759186469128	0.00015370977051611	0	1.95262137459175e-05	0.281396218340774	0.00274613622919119	0.627448320302529	0.000230144829144771	0.000108749887748964	0	0
RGCC	1.78228273093352	1.56649878741352	1.33783825748859	1.63679136946946	0.407643259800688	0.536072741251665	0.40583905323106	3.56174829102082	1.78728493193733	0.525584342244764	1.58006700060296	1.35008649547439	0.264841143857013
CCL26	0	0	0.00014082032635491	0	0	0	0.0325181323187006	0	0.128518688287489	0	0	0	0
F3	0.000418240841940018	0	0.021786718633007	0.000368324486614429	0	0.000648051556077282	0.180179562586503	0.0142057333959718	0.208129418589595	0.00330700054577303	0	0	0
SFRP2	0.00128343003642002	0.00392358235634289	0.00705746840961951	0.000734504189072333	0	0.00173954223958535	0.0462350192413191	0	1.25148527630429	0.00167199930252681	0.00270542564469426	0	0
PRG4	1.53143888427526e-05	0.00784671019615849	0.000668753463352988	0.000374305307193657	0	0.000164589130871859	0	0	0.168498040162122	0.000173893972085529	0.00465720463570528	0	0
DERL3	0.00358385778750676	0.00310771501557445	0.0363450640617938	0.00427580152514632	0	0.127867593201872	0.0290581752487061	0.00249129023309722	0.309969036672304	2.08451669043781	0.00415741317170489	0.169639947376215	0
ASPN	0.00010778613690072	0	0	0.000541095717193704	0	1.92399380592427e-05	1.11801191595856	0.00265116620115926	0.614666797845759	0	0	0	0
VEGFD	0	0.0015895397056752	0.000350208744580141	0	0	0	0.023787769597899	0.000801578433398996	0.288412859741484	9.16740675521938e-05	0	0.00085617253619788	0
PHLDA2	0.059068611498389	0.174865157329229	0.436083786485348	0.0886133724174598	0.0258211690321644	0.00463227987600144	0.259313114498611	0.0312571980516477	0.251561104464726	0.0476840970120657	0.210619040813574	0.0340186904866782	0.537442673851249
SPOCK1	0	0.00244249981253356	0.00059520654475157	0	0	0	0.00640658932621203	0	0.0685023450090879	0	0	0	0.00128286558248425
CES1	0.00760442953036171	0.0036332075359269	0.0559558145601199	0.0042445825342771	0.120406159302043	0.00236891424598415	0.112830422608191	0	0.668789610080602	0.000125926154162374	0.00316725715253165	0	0
FOXS1	0	0	0	8.47268759580312e-05	0	0	0.392257050165493	0	0.0748420602186262	8.82865956368012e-06	0	0	0
LIMCH1	5.31268171178393e-05	0	0.0120313723233745	7.60799452659377e-05	0	2.70057392175852e-05	0.117611011804502	0.256850268293458	0.635702420333953	2.46240443845569e-05	0	0	0.00315382285743858
COMP	0	0	0.000955719983402451	0	0	0	0.00534771382651672	0	0.199600869512324	0	0	0	0
PTCH1	0.00523247317093086	0.00184833304743136	0.0005765084610585	0.00589970026041765	0.0469505717565213	0.00279401692863866	0.0132438139880036	0.0165740675457254	0.171984851170851	0.00751457752642367	0.00176492994545621	0.000858567373374745	0
COL3A1	0.00571375247684347	0.00238453446562629	0.00836287292920574	0.00675409238180191	0	0.00329497625558158	1.25314143425814	0.000391119078618078	2.33849347599809	0.00574136835872099	0	0	0
IGKV2D-28	0.00221375888411961	0.00395703679353315	0.0068977353051541	0.00253864163304579	0.0132986666308543	0.031332461887385	0	0.00382463016392764	0.214998610354167	0.228798482571004	0.0065554376359541	0.00537566852720777	0
IGKV2-28	0.000903847222077475	5.44204066207388e-05	0.00422226710961024	0.000989873072679317	0	0.0218234619661684	0	0	0.167997963668435	0.208395145471147	0.002375773334607	0.0107201329825897	0
IGKV1-12	0.0123581852092827	0.0138675483966188	0.0178417076139547	0.0281511361091768	0.00887568733516796	0.158037429643732	0.0292366141387032	0.0196865145086519	0.0375092193817732	0.437962472224542	0.0229008944735046	0.0302917685852205	0.00529835878361313
IGKV1D-33	0.00153840991225904	7.84681352969243e-05	0.0113137994783681	0.00386469332200224	0.0091856405066548	0.038077321804226	0	0	0.000840014544695829	0.215379159972729	0.000389190432773668	0.0105148019009153	0.0112099271984544
IGLV3-19	0.0167312898106884	0.0218526622416306	0.0299512886277279	0.0186014614673819	0.0261352435027778	0.10557253826597	0	0.027003203227298	0.0155029628624318	0.267888821350576	0.0220705823035656	0.0876968357765477	0.0366188155803615
IGKV1-33	0.000965928023043282	0.00199340588662383	0.0103971389074519	0.0105997611656685	0	0.0547534226113464	0	0.000557039845292661	0.0106511741379	0.235987388556831	0.0014781138263967	0.0165771923010953	0.0128439299634883
IGLC3	0.0127322352860961	0.0187185697172148	0.0263733029630402	0.0166225728874604	0.00589343531921174	0.124956039041355	0	0.00813631520878289	0.14104578680527	0.776526319937584	0.0158902320213417	0.118751861432331	0.00487066156539927
IGHA2	0.00327328867426553	0.00366102972885738	0.0132722826053884	0.00117805309645371	0.00890397582609659	0.146511783381208	0	0.0105468009749231	0.00531168748372223	0.399553119730789	0.00358812934093982	0.0816666368319296	0
IGKV3-15	0.0247277536911517	0.0417077296777644	0.0355821872312877	0.0415027256813568	0.0385852425658052	0.282634958781245	0.0126979668087611	0.0465758706790425	0.00847044205318603	0.59257399362251	0.0318293906104356	0.0689006254996371	0.0425151344461058
IGHA1	0.0164131392530379	0.0231454696381205	0.042359702920529	0.0153952300789847	0.04103574370057	0.773596893234643	0.00480100520805247	0.0230439220298048	0.0370393723766192	1.64426198600363	0.0209126979940914	0.201995843402935	0.0155982433306105
IGKV3D-15	0.00200243204168289	0.00119830855147002	0.00844891428881481	0.00242472280005916	0	0.0276735288158014	0	0.028430020699667	0.00288703207118531	0.232168775286432	0	0.00718925653288497	0.0136647800434603
IGHV3-53	0.00183808052867615	0.000407527431480518	0.000261621752502357	0.0102887045322913	0	0.0691494629026491	0.00590365621955293	0.0179807571714441	0.00179044819168184	0.275698099095692	0.00453921917271755	0.0142829945420279	0
IGLV1-44	0.0226546981267569	0.0298854332085899	0.0123499583123493	0.0218982963913105	0.00915458180777736	0.122222937449622	0	0.00130066815473872	0.0132191086551515	0.262740716277471	0.0405144674702795	0.114936513576189	0.0184829572270425
IGLV1-47	0.01365365467154	0.0173397091279137	0.0261297961623179	0.0123537189766146	0.0037816690940503	0.104023828146983	0.00173358815370908	0.0151731979323166	0.225640792368866	0.211788614756826	0.0132533763967465	0.0696875788394892	0.00771490797497737
IGKV1D-12	0.00028325311991516	0	0.00158127779658898	0.000259106746681846	0	0.00243767696258205	0	0	0.00533042553460887	0.109826035247931	0	0.000978279988959337	0
IGKV1-17	0.0056847904605712	0.0104644859377777	0.00577641428677114	0.00558435229663981	0	0.0672372132361985	0	0.0119719499748215	0.011330705810783	0.174140903379481	0.00934223869814539	0.0208042842953077	0.0110821022096473
IGLC2	0.0088141795455458	0.00886459604491699	0.0336188865958177	0.0137303615244979	0.00341403486113532	0.143010622427969	0	0.00490874816867413	0.101144740022392	1.02813151130425	0.0177426466590842	0.0718543160600427	0.0193838627370407
IGHD	0.00151099324023128	0.000113096684575515	0.00350627926760648	0.000510345442596798	0.0108747385866738	0.0892482333451336	0.00387886127068921	0	0.00165024265153359	0.162270101640961	0.000141274650810025	0.00492304516049736	0
JCHAIN	0.0155016575283037	0.0201545933305058	0.103093110795691	0.0138894264895174	0.0401519764085397	0.236424780598327	0.00746217011078896	0.0477955410079777	0.113772726341666	2.75184957669294	0.0270693361689048	0.134965967241215	0.0340080163972286
IGKV1D-8	0.000195562182119642	0.00105041182415069	0.00537985301304655	0.000385425959449555	0.0164616274023707	0.00497518176434711	0	0	0.012508013223976	0.0629531274607049	0	0.0073201478865178	0
IGLV1-40	0.03908319601857	0.0395773728069465	0.0429517535161905	0.0363156428404843	0.0177649512414866	0.164799906368269	0	0.0418489275095276	0.0476056625202605	0.376438027486466	0.0353795828826312	0.0587339211124096	0.0213962032584758
IGKV1D-17	0.000642668289043688	0	0.000798098833506222	0.000370121221046757	0	0.00335824534890625	0	0	0.002295702983048	0.0198291078062132	0	0.000495146805139921	0
IGHV1-69-2	0.00394655415172879	0.00653570933064706	0.00564852846399629	0.00218546066615797	0.000426212266021188	0.0145873084532794	0	0	0.00153470583540544	0.0467327190134004	0.00475566325275679	0.00632024945014683	0
IGKV2-30	0.00234202806786027	0.00331240658866825	0.00498340203207065	0.0028680607148179	0.00119191341085748	0.0703091123234606	0	0.0045582552473471	0.0939980406424297	0.229655123114195	0.00651976972381088	0.00927387801246134	0
IGLV1-51	0.012836665973183	0.0191994823789588	0.0176575316332461	0.0113456255270789	0	0.103724196406363	0.0043130754114093	0.0171621049312166	0.00773776915405434	0.206432882238883	0.0137253723947502	0.0552863114813117	0.0251745161442769
IGLV2-23	0.0363103034880468	0.0415136416955269	0.0531949828299496	0.0394014329388401	0.0249820723462778	0.134011160081052	0	0.0250901351856664	0.777047290088437	0.344471576338378	0.0494583094485145	0.0461473545097745	0.0217837547726377
IGLV10-54	0.00131341177127815	0.00195223091362086	0	0.000307233117330383	0.00262293208040492	0.0133869110529427	0	0.000646127260747951	0.00322957046159981	0.0616657075320077	0.000755710695113716	0.0335352387988515	0
IGKV2D-30	0.000861710067958603	0.00132002187927506	0.000701651154848855	0.000349825525985809	0	0.0223635958130159	0	0.00111117466245951	0.0065910403578934	0.138197353525844	0.00288060162400994	0.0045505751523349	0
IGLV2-8	0.0160283778761498	0.011475827452126	0.019403472703056	0.016590283105483	0.00990878737572483	0.0696816894014447	0	0.0385036834077893	0.0138424531429298	0.195751689279931	0.0127795486381347	0.00968596303568185	0.0495679571002882
IGKV3D-11	0.0012109793822817	0.00319731218486316	0.00166182548989216	8.37597391927214e-05	0	0.00573855340042564	0	0	0	0.148838699492153	0.000970735205450457	0.0157303566652564	0
IGLV3-21	0.0408521416678133	0.0365300764039605	0.0531462207665066	0.0492456060574138	0	0.17438074389704	0	0.023137994627818	0.025523683209915	0.549139826029724	0.0595771968774181	0.15846116620563	0.0189155452423546
IGHV5-10-1	0.00212745173119265	0.00280882249916434	0.00551115340878048	0.0041531051584845	0	0.0416876256987573	0.00173358815370908	0.00318718296758931	0.00185040714891193	0.149349841866766	0.000209081815845515	0.00648434453921506	0
IGHGP	0.00137027516367667	0.000237970842665423	0.00724171801792973	0.00371014673404119	0	0.00857043786576787	0	0	0.0692724352060127	0.786099755821015	0.00228478457201735	0.0304220572668713	0
IGKV1-9	0.0102196195687197	0.0293802305559161	0.0205772075179593	0.0147258695803917	0.0210323097833597	0.0660887853348733	0.0050612199189947	0.00330269023381224	0.0331052379794076	0.232124971530571	0.0196550140869232	0.0536508926339498	0.031308324960187
IGHV7-4-1	0.00065500741740551	0.000404959542932058	0.0062482106046223	0.000586565602957005	0	0.00772734547833511	0	0	0	0.108504576438307	0.00520022907065198	0.0238644941797527	0.00158426183686587
IGHV3-23	0.00979120875396877	0.0135130452708259	0.0178710667890511	0.0119437696038871	0	0.179387810558003	0	0.0128136594156543	0.0059478170099082	0.641644963436528	0.0141121657181652	0.0901361205127987	0.0145399008991056
IGLV4-69	0.00174516789397839	0.00767808781242094	0.00874597473515191	0.00401055501797761	0.004578435945506	0.0352164161845062	0	0	0.00200483377494714	0.0418481936014705	0.00506566176943955	0.0542220901954304	0
IGLV8-61	0.00291117798691399	0.000956575920031638	0.000567266644807406	0.00181494583359802	0	0.0379113260075514	0	0	0.00345717208842825	0.0659464787388592	0.0026037555716199	0	0
IGLV2-14	0.0832739223434526	0.0590237598281839	0.0596461945230594	0.057853642080502	0.0272680510746968	0.307222687999257	0.0179114976593197	0.0348430018380696	0.093145718295813	0.599853477249313	0.0619258143246535	0.0311030371916482	0.0360604022739322
IGKV3D-20	0.00399478990577069	0.0055778317662205	0.00403707483170798	0.00542394871186892	0	0.018119495761103	0	0	0.00119210471733204	0.251306737467783	0.00321220758353353	0.00677010545981928	0.00114426955881301
IGKV2-24	0.00243217780228779	0.000676606512073825	0.00155009680830974	0.0015884408440564	0	0.0333975750413304	0	0.0129915874598777	0.0118269554720934	0.115320302297906	0.00496125916059019	0.0121378985329269	0
IGKV1-27	0.00450332688085111	0.00573157199972878	0.0085078633688118	0.00791824896625804	0.0120804106865208	0.0581969457909228	0	0.0149169245119707	0.0102510419409587	0.175282239518822	0.00948674176246864	0.062743271710765	0.0154228794030474
IGKV1-16	0.00323648358308672	0.00661391607570385	0.0212540426310604	0.00985309746071098	0	0.0666944495141965	0	0	0.00853409507163299	0.200151918032633	0.00465929833394716	0.0273351987973495	0
TRBV11-3	0.0159845572271123	0.0529090254475952	0.00631280062649075	0.0175709338953009	0	0.000540660816056504	0	0.00664978218073377	0.00873631391745857	0.00197801212653514	0.246322731350486	0.00192752955536281	0
TRAV26-1	0.0289200543475377	0.109013735765129	0.00958082659610838	0.0611638581705394	0.0317220664819558	0.000796324447997607	0	0	0	0.00178532186187868	0.185957937490336	0.0733629201477219	0.0126136411405431
DUSP5	0.338461647100236	0.17365236298951	0.36449870529987	0.33434045033529	0.28467980388221	0.10241928299722	0.14166947369583	0.418933625575493	0.303326558988066	0.450764242868516	0.359882646160942	0.29651404453441	0.0219224069558438
DUSP4	1.3247019768181	1.69199665290992	0.504690498339832	0.768239107351555	0.0421502602695022	0.3881934750754	0.141495510214856	0.0815746563947441	0.0744210779429008	0.187887086879425	1.96864660448579	1.48763807243798	0.386069554848462
G0S2	0.0073132619092664	0.0207133559350147	1.6648149482669	0.0218258421454949	0	0.0677112696996213	0.318479850679395	0.0029090085395518	0.641067366182047	0.068016912613591	0.314822625929129	0.0706857097976236	0.0700490992158511
ZFP36L2	2.68127175714606	1.93363907993728	1.09394569065465	2.84234777967622	2.46091370391312	1.33383768408146	0.961363644101899	0.895132425297477	1.72398174498878	0.981340107255165	2.2806577480414	1.73850788119297	0.489865504795969
IGFL2	0	0.00690503795033442	0.00213397971055985	0.000188377676719139	0	1.95262137459175e-05	0	0	0.0291592953419651	0.00240447586460172	0.231517198825478	0.0116992650307763	0
MT-CO1	4.53216853064151	4.54631056604915	4.72409758290634	4.51603342624507	4.84574944369714	4.50464559961114	4.3756609340111	4.07835104623037	4.26885462826383	3.47008481774841	4.40091989915796	4.5234329871107	4.47088561260879
MT-CO2	4.0573564786606	4.04972143604405	4.3484313928012	4.02179445232478	4.60044797897407	4.33397490338651	4.25600894885256	4.1512751158904	3.82686334745447	3.57534793534993	4.00811170265954	4.25918565756844	4.26291391141372
MT-CO3	3.65603732072514	3.61195344493287	3.90327159611624	3.73644988016158	4.08141814171228	4.00802824341367	3.88994232134065	3.56395023325889	3.45615416263993	2.66942364454815	3.53614239367229	3.88245130672932	3.37412352479536
MT-ND4	2.53671860559062	2.29354471251547	3.1464542113749	2.50649359441582	2.94395233828649	2.73842805432542	2.88494942954687	2.87024313235366	2.93846749031128	1.71206767238067	2.3366722849431	2.51338764746487	3.3581049105198
MT-ND1	2.75334607823277	2.62183627889683	2.93417282431305	2.78317804503219	2.91971449609004	2.95320892082746	2.86155160672408	3.09376205792041	2.7703311935644	2.02364096757203	2.30557594827944	2.42799125561218	3.02799148065371
MT-ND4L	3.49358357455209	3.50018502445324	3.42514961846543	3.42685005449848	3.83362489487619	3.70840767606679	3.78360958334133	3.72919441785815	3.44823888514255	2.96886707070491	3.39709448511743	3.40037770722344	3.9190372049126
MT-ND2	2.33133114854636	2.25875008804052	2.56450415559835	2.42012127167488	2.67540299070559	2.37247003795508	2.25732967799378	2.45989931878385	2.26160463121941	1.65928580469114	1.98582009427512	1.71331458293564	3.19008090748216
MT-ND5	2.59822460550687	2.50024166862746	2.78024878275862	2.47487290179331	3.01097909194764	2.41998259264807	2.78549283827504	2.89870126724228	2.66012654762567	2.20485092410115	2.43012520784893	2.52861826850709	3.16643030948265
MT-ATP6	2.88146114367182	2.73270767425028	3.10519794578424	2.78503114641742	3.54446714818731	3.01936936332275	3.02361544709804	2.88702563126524	2.85742294484986	2.12622629584597	2.6975005661336	3.01608374799282	3.10379518699016
MALAT1	4.71186024091918	5.08593023692787	4.20293982111204	4.98908595358908	5.15205291276218	4.992564847195	4.17716197210259	3.65336485901856	3.72454439609899	4.11159597710944	4.75755260936848	4.40871307270169	5.39993834814504
MT-ND6	0.701474669070128	0.745395279732877	1.03623003613918	0.676854631441004	0.847590102570268	0.682722807320248	1.00619174081979	1.06330563234313	0.820614749321151	0.892717358114293	0.63418784483419	1.04675074814564	0.908093844451849
SFTPD	0.000186316172717535	0	0.00478631175805594	2.21414811387888e-05	0	0.000123310019584966	0.0029686296690468	0.00158467996494531	0.000587868694111562	0	0	0	0.0057090055973298
HLA-DRA	0.665177459825916	0.535077629901102	4.19031921047467	0.179554751736327	0.239821729940229	3.86435716555148	0.0632783426231174	2.03345987530551	0.367817701199866	0.159435143783105	0.381680903958401	1.92768654738803	0.15290480140717
SFTPB	0.00764170408730333	0.00161247067949462	0.00632226497363733	0.00346837899313737	0	0.00138418496946371	0.0363007014789148	0.0037284507404284	0.00366612718371793	0.00256059573113259	0.00171944516513638	0.0200996428005523	0
MUC1	0.000911120063223405	0.00146610182438066	0.00368580286323953	0.00178806313905744	0	0.000660802486883472	0.0221853686900114	0.00179828513102156	0.0270206259848433	0.00440544214366659	0.00331502936255385	0.00199812336574013	0.00588391528273054
CLDN4	0.000746715588556396	0.00866769514322663	0.000416195147858627	0.000191902627140821	0	0.0003385037313909	0.0038682971317268	0	0.00814387733173247	0.000442000152846935	0	0.0039364096107862	0
SFTPA1	0.000645820247878169	0.000510588118184074	0.000858609759009895	0.000771787881532519	0	0.000232157488274005	0.00661212325542899	0.00146401663040202	0.00161023684393694	4.48950695838489e-05	0.00114792569484441	0	0
APLP2	0.0910193338519949	0.193047190859542	0.672129809966422	0.0863468361234097	0.178432237933938	0.0692557320472912	0.723884225451997	0.665086152449219	0.570807795579608	0.0591639817498057	0.135521019840845	0.113074819503902	0.174448554703357
PIGR	0.000226632271474466	0	0.00291618393162915	2.03398506252039e-05	0.000882879594583702	0.00145370972157579	0	0.00340390099389607	0.000951574121163136	0.000131947891832501	0	0	0
HLA-DPA1	1.2027839766585	1.05517033142946	3.63242291473628	0.505148391813401	1.21545023452549	3.10477875943247	0.0967978505036862	1.72718304527839	0.346106743187211	0.47773613598045	0.854093514551794	1.84707815621746	0.171565911037283
NEAT1	0.742802746673842	1.02764547162027	2.21102587051785	0.936423952842769	1.29687026123226	0.749860157075346	1.34036268110626	1.4084867567993	1.4721931097456	1.31265122177337	0.988467602817721	0.963093566846315	1.28769550094898
HLA-DMA	0.276195338456666	0.359541240729077	1.71933977088135	0.0830807575199031	0.233296033553887	1.24169136396894	0.0928929360890575	0.781665239406872	0.119711724938576	0.296737624584773	0.193937880975749	0.73587145254683	0.0504062139248236
HLA-DRB5	0.458686701657035	0.37897235714376	2.10526596432164	0.114116547909493	0.267162673202607	1.58492377187393	0.0184441184226551	1.3784372027715	0.0253587996825395	0.118272346187883	0.266846513888735	1.4260343524831	0.0467030227708188
SLC34A2	0.00035174223807088	0	0.00104869338209773	9.14404546975564e-05	0	9.05543186222494e-05	0.00661212325542899	0.000485838681262777	0.000947082905803978	0.00108634894058868	0	0	0
AGPAT2	0.0994840631242604	0.0991766208234552	0.253955604719302	0.0783962041937672	0.104320048041844	0.105267598222832	0.198233461683867	0.163709714602492	0.212749714330707	0.0706657254699919	0.127182699505234	0.158396757333881	0.132258062613354
CALR	1.25793829622001	1.18726550203671	1.41969705582721	0.92570080131267	1.28636969166826	1.00928306314677	1.56589048921081	1.28187292277846	1.36736874948312	0.955466027752371	1.23871100285729	1.23443960410259	1.15127653455434
SFTPA2	6.93510905271805e-05	0.00462133461853769	0	2.69579190734421e-05	0	0.000359245644588133	0.00466008533614611	0.00529048574252109	0	0.000832972122490663	0	0	0
C3	0.000660276358408969	0.00126628326288641	0.143091290340931	0.000663972885586357	0	0.00010750695386584	0.0426430735766124	0.00122829662775449	1.12483852654987	0.000302215147189246	0	0	0
HLA-A	3.4939728967165	3.71801472884753	2.66183766645352	3.20933862304824	3.39871414136313	2.96722641637481	2.23594652014887	3.54189766337383	2.06800179420083	1.40299250923116	3.42949843498221	3.34798412419325	2.40925744194119
LMAN1	0.262627402949871	0.358921973127873	0.228515021434231	0.233509587283375	0.248142794494861	0.204196844447413	0.540619666335804	0.403939145966693	0.576950006052276	0.856492124393883	0.269600945190827	0.435803083601984	0.190680775216305
SDC1	0.000268392673742372	0.00176119407172537	0.00280772889073251	0.00140007356148541	0	3.00790301191815e-06	0	0	0.0765736360467126	0.432180526064599	0	0.0142348995985679	0
SLPI	0.000360142534905235	0	0.00662935914274805	0.000913369980317808	0	0.000489901877501366	0.00696663840190019	0.160879603555949	0.0121748549810247	0.00108075102268088	0.00147253097667198	0	0
CLDN3	0.000557896429328599	0.00173429278903312	0.000238196581242377	0.0008293292027904	0	0.0011314179088896	0.0116652315481753	0.000835641947904057	0.000531588572931881	0.00410467333537593	0	0	0
LGALS3BP	0.0208204458779998	0.0525175269252013	0.247227861936775	0.0676920313836406	0.00184816975535235	0.00717777393227875	1.03517819804592	0.00500521576898629	0.687597479950214	0.0366639408182293	0.065134543648832	0.018120311878849	0
HLA-B	4.04576027634037	4.00397006509511	3.23821438629674	3.77487369157852	4.13806679909069	3.7520525406938	2.5371492990346	4.4050168213069	2.4451739115161	2.53114369492661	3.91153801593481	3.72218407881498	2.24813876221884
CD9	0.0931972189116578	0.0264879790378639	0.750926416843321	0.0253969749692617	0.000245674809200346	0.0124646594515494	0.808464417638956	1.00652063550358	0.814280496805674	0.0972336549484882	0.0368913413817702	0.127333550493737	1.33120777517712
HLA-DPB1	1.03178388424116	0.797773050717143	3.27587697362355	0.406991821893329	1.09471650340685	2.82366930141765	0.217481800595241	1.18156196547741	0.300353374375494	0.144342378642426	0.618032586937539	1.61006126143086	0.101607419809106
HLA-DMB	0.0806752805826307	0.0456383846580036	1.01644052873594	0.0313212678798719	0.0233192298120993	0.722876736847606	0.0126504921680664	0.230389655423109	0.0300485906578012	0.0142203916529897	0.0239897805553762	0.213230056771752	0.00249475951942171
IGHG1	0.0376176706022836	0.049795319165104	0.0828594390605831	0.0636886930177103	0.0136235486362943	0.32998195050915	0	0.0162485124269239	0.342932602803501	3.10051482360761	0.0669726824639209	0.477408257983477	0.0112067443287424
CD79A	0.00703207521019718	0.114005904968262	0.0401320121619433	0.0072318250137906	0.017097835550336	2.10678941065124	0.0171471654473356	0.0205255057309179	0.075824173816814	1.48103308354992	0.0338005469011957	0.295233349926175	0.0242277566122315
CTSW	1.25005880881504	0.0680748477448935	0.111032863121071	0.350670818489679	2.30207772067272	0.0293668820936629	0.016511367444999	0.0391246417117104	0.0377939566936337	0.124330728942421	0.153698042586638	0.48525909907817	0.728231093855457
MZB1	0.049532556400494	0.0911010169764655	0.0423879017979797	0.0219739976965735	0.0016372469386834	0.0867212455116764	0	0.00182272570024649	0.200324238602058	2.59149169113724	0.0654453474214408	0.322933615722828	0.00595106100311325
GZMA	1.78224466588955	0.0780795400329617	0.121405179718724	0.680731887563229	1.91953410649608	0.0147151381277187	0.0219735870614105	0.0610786458239044	0.0474113672726856	0.0879511276903918	0.493951299731395	1.63917871248443	0.0123312583687474
IGKC	0.0558532097119194	0.0632326874347041	0.146961906284591	0.102283551908358	0.0311003983850273	0.750161743266942	0.00387886127068921	0.0572793855737284	0.315451158777835	3.5509639991126	0.0785470780620505	0.426407420902508	0.0496917506714642
IGHG2	0.0110726537029646	0.00851705447426396	0.0334744992876483	0.015887056532349	0.000204492923846583	0.240295289398577	0.00111795406724238	0.0121949911044207	0.0207203417657666	1.02077177266562	0.0117632340741565	0.179306010483505	0.00453631615416494
TRBV5-5	0.0468441611857438	0.0321761942909371	0.00314119510598492	0.0217395703429806	0.0256763946116124	0.000393130136400059	0	0	0	0.00165490921498732	0.0540186085627119	0.189590891743197	0
IGHV1-24	0.000428744329589738	0.0016486259421341	0.0098616669243468	0.00495425692967421	0.00262293208040492	0.0253118867861153	0	0.00747221669668302	0.00860402661771933	0.213694418432712	0.00326288120248366	0.0728039652111697	0
MEF2C	0.00345103778729409	0.00413673710457148	0.338006761580732	0.00222439326023336	0.0196345803756455	0.909649806556329	1.0745060469412	0.474123635064965	0.1166058730475	0.393534240871634	0.00691519103116812	0.146968721639769	0.00909845656383925
IGKV4-1	0.0551957993070647	0.0611940015487862	0.0808548417149208	0.0812843695205516	0.0250989131068429	0.361843066394722	0.01071339673979	0.0782825047702037	0.420377420158572	1.12414843214735	0.0647704879393968	0.24041691318303	0.0311665860871951
BASP1	0.00585524703890934	0.0299697354409072	0.62884761022932	0.00318048140291031	0	0.534507115028633	0.0947483760716285	0.0120228699819116	0.417149758262998	0.185863813835433	0.0175904701081186	0.131848674752934	0.0577863645785597
MS4A1	0.0638672251865797	0.00939207633063829	0.0384606953709163	0.0230812076832264	0.0184775238297251	2.23619942433287	0.00590365621955293	0.0132562956909129	0.0397597214224418	0.0459913672862615	0.020627523939716	0.115056088698404	0.0294808099428032
TCF4	0.00233517013737159	0.01002694158615	0.198657707669946	0.00231735947555486	0.0121133682009924	0.657369532842226	0.687979451260084	1.20570823718647	0.675462969359772	0.228075430916492	0.00914022346579426	0.10574706226801	0.0116338459872749
IGLC1	0.00832497038629424	0.00972898400547415	0.0149884885435604	0.0128490814642276	0	0.0381980798340747	0	0.00478454283618698	0.00216537345684825	0.848431471034329	0.00855036311948752	0.106149389843056	0.00552703303799738
CPA5	0.0247211212673423	0.0775716835057903	0.00284712827482653	0.0145021881659521	0	0.000707955736056051	0	0.00234469960202419	0	0.000704652107451171	0.0874925158962884	0.147262010681628	0.00125638793901904
CPA3	0.00024086765851023	0.000146378901796555	0.00294031154808031	0.000399190009511575	0.00029456445320718	0.000764805282524329	0	0	0.0076761549298175	0.00277285178336011	0	0	3.31223329484654
CXCR4	2.01412281361213	1.56900976422438	0.807616252268764	2.00526482693579	1.26691330456821	1.46969728782494	0.145157161088021	0.143054967841669	0.09809046838628	0.517475595822495	1.4834352035685	1.54288796770774	0.11090404789159
RHEX	7.23904334107532e-05	0	0.00126023643464117	0.000487992437071664	0.000170464646865304	0.010121024476145	0	0	0.00110301877730906	0.0080871371089624	0	0	1.62162589019031
CYTIP	1.57645188525662	1.78037562926764	0.659695887195689	1.45496180667337	1.4984674096606	1.37712498307627	0.101427816408586	0.10053621318037	0.129975955391506	0.819138514209928	1.49022161055295	1.09481102836303	0.128955657540656
PTPRCAP	2.07319840682749	1.80866385020496	0.294063295885125	1.62802681534458	2.19639285809966	2.14620205483268	0.0927691602310689	0.123903847096125	0.109041057227932	0.594291175136674	1.64312630330671	1.74670737910554	0.146819493715447
SARAF	2.47066769224951	2.68525362115255	1.37961476306828	2.52792109343033	1.75603913214461	1.90417710608428	1.34329370094585	0.967824019607417	1.02511699524527	1.03699360230399	2.66381418979307	1.74835383212244	1.7279999864133
VWA5A	0.00960680376397403	0.0396541409311629	0.0309715673950593	0.0069884758971087	0.00256066312488466	0.005824622270969	0.0596280446360507	0.00283359079972014	0.10214879748181	0.0239586962641791	0.026647891989966	0.0258994671479526	1.39272405322118
CD2	1.54066286029582	1.74931938207039	0.21673172679518	1.53822749733938	1.10749372904166	0.023197462068341	0.0341019925123786	0.0852314714207873	0.0633201392460899	0.107230115248599	2.04330338585219	1.38696285923013	0.0764385206251461
MAOB	0.00156082085474225	0.000508695974229988	0	0	0	0	0.134597278442127	0.00264040228008078	0.24051594488284	9.04469216325115e-05	0	0.0066175287938147	0.651072250256433
EGR3	0.0193578833287174	0.0113973039241856	0.0527667056694609	0.0157145492782312	0.0207171289775985	0.0414870983591645	0.13957679888062	0.0873876233679842	0.241137537127482	0.013658544532996	0.00763535277059035	0.0112385280955427	0.0863433246836842
PRNP	0.416865500284926	0.458403808080672	0.444089043145836	0.417221902741348	0.309224096732785	0.356518108256456	0.468495914726782	0.165593050861899	0.693370180134319	0.0927670338418556	0.348874746181994	0.25961324702345	1.02210430864942
MPZL3	0.289496009326223	0.222785582253952	0.0598929535240904	0.320412831375146	0.0219112378744645	0.0431078861238792	0.00376711253712984	0.0458374788666529	0.00815651117147666	0.0321670339497592	0.150428761149837	0.14879438978861	0.0429818386100656
CD247	0.648727684319037	1.02331116419636	0.0831019075157367	0.575464811876843	1.46278934007408	0.0230590166016934	0.0254852684252802	0.0292196397714985	0.0207285713751593	0.0517036634867226	1.06433218146393	0.565590663582593	0.0607088914407881
HDC	0.0019170965816519	0.00162681936985793	0.00239855045849649	0.000386919976238088	0	0	0	0.000911855249451922	0.000789102263825488	0.00110024570786339	0.000186949416155121	0	1.61134226980465
EEF2	1.80502133288509	2.13932311955602	1.58077183557802	1.97612045221131	1.88576726132604	2.59523539564082	2.20028880246068	1.37627718584265	2.12663771882461	1.28743578364923	1.83150135256194	1.433135076055	1.50671039058236
SLC3A2	0.822926210751455	0.871749069166522	0.768490691628153	0.69361354195569	0.70147924410951	0.650553200821945	0.605861304146444	0.741470880130417	0.65589368421123	0.582920224011402	0.758983310629702	0.727618323030127	2.04042034553303
TRAV3	0.0837741141056834	0.139155007154828	0.012155182301859	0.0528539031452544	0.00469935839395848	0.000538301424719426	0	0.00521357149749082	0.00200785096007392	0.00465981888992192	0.0647866501554799	0.0463277589274948	0.0230311801097295
ATP5F1B	0.772555110990317	0.805140656241176	0.838881537466351	0.650811126667339	0.804016495535661	0.761741006072957	1.09793594530759	0.813969872009662	0.662482861970259	0.410425492592385	0.845849102330715	0.936924497133385	0.872274629485081
DUSP6	0.0820901766195914	0.0221403500647081	0.268012098170922	0.0599901020069242	0.0478897571059996	0.0326454821570796	0.115825999954659	1.28310870375999	0.169855228454925	0.0303192498870638	0.0718185977851436	0.0291947185796648	1.57299021232409
LAPTM5	1.65665501353885	1.65241431411488	2.06986897770815	1.64465081101816	1.49332675632371	2.61549520048547	0.062307650097759	0.261974354584035	0.116752328319747	0.304573944161108	2.08936841883524	1.36699226514053	1.91468470194418
SGK1	0.157079696490338	0.188726709180195	1.28259920426374	0.264099041972333	0.0576293178081831	0.198285568249971	0.198494258078426	1.50149103817347	0.352809336795603	0.220333196657289	0.330442245115826	0.270742402461469	1.49481856018666
EEF1A1	4.68514706600348	4.7360895400678	4.17974828963688	4.8578733521392	4.69848349473632	5.17825528216279	4.52226263361267	4.0770406371394	4.50702658091886	3.17934246908029	4.64128938236388	3.960544048307	4.83535350436616
