NAME	T.cells	Myeloid.cells	B.cells	Mural.cells	Endothelial.cells	Fibroblasts	Cancer.cells
CD3E	2.11837316817087	0.20432115050552	0.0625383043148447	0.0626868193490165	0.124218105813533	0.0638332895404624	0.146490625914405
CD3D	1.59420386345878	0.155193529735532	0.0442600186933035	0.0398932729972588	0.0785439646529239	0.0319450725845712	0.0822467833406785
CD2	1.56828935741046	0.154025690667113	0.0427660893080002	0.0293173723430424	0.0748609073652605	0.0407651231179178	0.0507849254327662
IL7R	1.95577333562965	0.492529264065722	0.0638453576893983	0.0673030321938651	0.320387387674961	0.0982095350081951	0.232075860360089
CD7	1.28040951389983	0.172027799286108	0.0339518798774205	0.0300315400270315	0.0594401645888552	0.0275982744998014	0.100310589986689
GZMA	1.078489857932	0.0794851647390027	0.0282148640699172	0.0291397403360723	0.0517272599233965	0.0243159791989307	0.059154095509473
NKG7	1.1245404731385	0.151584975900706	0.0333418946430222	0.0488740826177073	0.0572604390080466	0.0273402829150276	0.0720170705458697
IL32	2.49847108954312	0.327436293805087	0.0850577306135007	0.66995668049697	1.11419693504224	1.0491843554814	0.651748697477229
CST7	1.4534716036608	0.693103376540989	0.0443286947796341	0.0423189301019187	0.0891970519814195	0.0415510027378673	0.137893098662881
GZMK	0.867730482351273	0.0742090141726749	0.0234153343913872	0.0265315440984873	0.0368990757134543	0.0133355663710558	0.0422137998132145
CCL5	2.40390914916463	0.381941607807115	0.228733825136256	0.0894094517990783	0.20148449463137	0.1424446512341	0.214509944635279
CD8A	0.843515688268413	0.0859863778350414	0.0228246516480786	0.0260338159707876	0.0604670624527635	0.0160907370974329	0.0395521354675293
CD3G	0.800927499629345	0.0661806670754974	0.0187558955479715	0.0152432511665009	0.0381708580911445	0.0191398653624946	0.0499141917509191
ICOS	0.694816855384254	0.0588802189088007	0.0193187836079201	0.0100165456205934	0.051864753853191	0.0149652035116651	0.0623198474154753
FYB1	0.983723542543987	0.566789953527395	0.038184028329873	0.020463273525238	0.049695249733172	0.0274320062633339	0.0558045829043669
TRBC1	0.6487485975492	0.070185510603308	0.0197451670921678	0.0209924407581707	0.03617538231982	0.0154928906667183	0.0228810509513406
CD247	0.677142609112762	0.0585631227377098	0.0283011607434604	0.015600088926462	0.0274509574465774	0.0113317787023768	0.0375489895484027
KLRB1	0.645759447387388	0.0914808888928003	0.0193611558090385	0.0344949935556768	0.0316932621298795	0.0117868037153986	0.0372798033321605
CD8B	0.566194235182374	0.0452224893969634	0.0115524443122563	0.00678945923899556	0.0340353762247916	0.0101772084894539	0.0243977758463691
ITK	0.58698578542889	0.0938694781401933	0.0120229021769743	0.0105195210530208	0.0205027289139597	0.0121279673845698	0.0375735930835499
IFNG	0.587923780786318	0.048973863099286	0.0153388653458363	0.02356795667292	0.0369438037119414	0.0319260967575855	0.0268444372625912
GZMM	0.58167913152468	0.0437048525931078	0.0167811987961247	0.0162197507868756	0.0356688273694527	0.0167105720432234	0.0258936092432807
FYN	0.824372163561958	0.176023519069363	0.0362414492425653	0.0768393325019669	0.40647721632816	0.085820346277628	0.0798230813531315
TRAT1	0.55506927460783	0.0527173269492144	0.0153564262784862	0.011227663899516	0.0325188923908763	0.0137639751693694	0.0358464528532589
LCK	0.855133384492622	0.0570696832910616	0.0840419869290091	0.0202510570169805	0.0390203827762147	0.0165807155186162	0.0482344139323515
GZMH	0.542326378440222	0.0412042683188678	0.0160863607127911	0.0191063202606453	0.0226686213689558	0.0105339327467037	0.0266049303727991
GZMB	0.585501355735245	0.0752793322227619	0.0241522813333706	0.0104122575822767	0.0267824625056326	0.00990072922726555	0.0244032575102413
SH2D1A	0.511705323412854	0.0353204413069154	0.0100880616729582	0.0118053986738016	0.0261029293092244	0.0341585343901582	0.0185752600782058
CD96	0.835454492848427	0.0825329352610293	0.0811996255826299	0.0283265899563884	0.0442746859874452	0.0196513253799542	0.0402004414446214
ZAP70	0.50330741217853	0.0347655472049007	0.0139670427267544	0.00727280485761035	0.0159001766779776	0.0145999970446072	0.0411021848285899
LINC01871	0.470834171698044	0.0372716121459797	0.00901295396195767	0.00535656158740704	0.014747134829252	0.00592733345769938	0.0298746294133803
GNLY	0.477801606563562	0.0414523555660806	0.00976163742771406	0.0191685888269445	0.0334574514598938	0.0104086033270449	0.0465201394698199
CTSW	0.705994865914867	0.244014677485527	0.046668082930751	0.00865482272682609	0.0376361505951037	0.0145471663804234	0.0314062089078567
CCL4	1.20610625700345	1.2037800473823	0.0743963485222816	0.0704880317750868	0.0888129098449598	0.0812862489462896	0.162581494836246
GIMAP4	0.660799754156271	0.199611550223293	0.00932821149767556	0.0289431287692143	0.985977992338427	0.0101946290791284	0.0169990860714632
ANXA1	2.14919637687948	2.18159672276783	0.0766342918530005	0.649672020451053	1.02192215622897	1.2251335016903	0.696367001042646
SH2D2A	0.665912827665559	0.0876952244594083	0.0571507728407687	0.0105418453373752	0.0426166538302408	0.0225272234638366	0.0473294814895181
TIGIT	0.47033703803833	0.0360645364134865	0.0163094500952421	0.0234750740082709	0.0279488708642111	0.0111537811471827	0.032828945833094
CD6	0.494309179965171	0.042208765233934	0.0248945520291841	0.00794809645348853	0.0127918483423844	0.00692889390630203	0.033071972061606
CAMK4	0.56635842162567	0.0505804369184706	0.0423998541864736	0.0447456665615459	0.0322137964171086	0.0192564979806605	0.0357075960495893
SKAP1	0.607067617387531	0.166229142547816	0.0431407780086306	0.0199737729607048	0.0668726204000592	0.0176168451299228	0.0327297472252565
GIMAP7	0.623271511509712	0.0910304109813177	0.0104521473276287	0.0199552155589009	1.22561000296944	0.0139885961361011	0.0431585840617909
CD5	0.462995681154238	0.061330545057795	0.0184355216354181	0.0132651225289146	0.0190580617525931	0.0114610761828004	0.0673417465827044
LEPROTL1	1.45791210667787	0.46031622823916	0.205344978378963	0.362824889067765	0.437472406505968	0.235655115857783	0.318440756797791
CTLA4	0.41148173350933	0.0387202128285785	0.0101000410107268	0.00531539361555498	0.0138684788046841	0.00844989889835214	0.0164039861454683
CD28	0.4206268508405	0.0489079264660328	0.0113155312511539	0.00559637454839853	0.0332017506708939	0.00619776091316255	0.0288450867989484
TNFAIP3	2.06519487404888	1.19551674333232	0.30831451652675	0.442555313215151	0.394166866067494	0.395701971822204	0.319062811556984
OXNAD1	0.495094078960201	0.0748307864731051	0.0296359608320046	0.0423335934471298	0.0497590255052849	0.0299896955190842	0.0468462130602668
PRKCH	0.48302840560517	0.0715979649541903	0.0140791378470282	0.0169673814878359	0.426456695276014	0.0251946869704514	0.0418102600995232
LAT	0.549712475548732	0.425176371714757	0.0159525566722519	0.0254577136301732	0.0328636512345674	0.0202958589044076	0.0232357363139882
PRF1	0.365809597952778	0.0236303897233967	0.00660055635446465	0.0215899408518613	0.00960399319680684	0.00584781622288117	0.0266277118290172
IL2RB	0.408529983589136	0.0345805391721558	0.0204403071046381	0.0227590630342672	0.0216272878076471	0.0132934172507609	0.0557897507443148
SLA	0.482743087740436	0.175202988156101	0.0318606589866771	0.0137781068256923	0.0105676861813194	0.0212253356728095	0.0233770700062023
SYTL3	0.693616262419595	0.301244283803025	0.0814457076232694	0.0206662894081283	0.0477264808695852	0.0307139419012987	0.160078283337986
LINC02446	0.341285379489833	0.0246122773348937	0.00759572295196117	0.0138370077950614	0.0130621035589556	0.0118596985749121	0.0140465404005612
XCL2	0.343742613799948	0.042544129103945	0.00981012551739655	0.0256074995522971	0.0387854706157338	0.0105706272464417	0.0708745664708755
KLRD1	0.316970294263302	0.0199127554661117	0.00509080960783125	0.00692086025908753	0.0238636622360449	0.00807592850349937	0.0236412330234752
CXCL13	0.341593860298583	0.0327570913525817	0.010314761736674	0.00514248208685236	0.004107561476493	0.0362063805977171	0.00273805534138399
XCL1	0.343446622439407	0.0375599000653793	0.00971548868004103	0.0369218035058661	0.0405082471290844	0.0237260539860905	0.0523985831877765
HNRNPLL	0.478159329787032	0.167212254057618	0.0193362260046227	0.259186488376869	0.163504752143148	0.206981303422521	0.138098358126248
SPOCK2	1.09695824109139	0.108453366737849	0.241284559217574	0.025950005368872	0.349612480316436	0.0273970960523294	0.0770257583786459
KLRK1	0.338421391278409	0.0248449990763302	0.0163429934183317	0.0121026589844253	0.0246783426047512	0.00472794665452327	0.0418534915587481
PIK3R1	0.859030043988693	0.227794679888973	0.130178325776134	0.332045429198296	0.12967263480693	0.420883431374777	0.136736379651462
THEMIS	0.286415514238745	0.0208253271630865	0.00529705432437263	0.00629166865086817	0.0174356727052533	0.00916484584868204	0.0201990677328671
FCER1G	0.0218764446998013	2.414241638732	0.00424760300984266	0.00315654340681139	0.00851697260112854	0.00993384330342504	0.0151839873370002
LYZ	0.00828565544328463	1.89225508298325	0.00621203908872349	0	0.00501976197986512	0.0124102279631164	0.106003594678991
TYROBP	0.0706333096618639	2.68990311225023	0.0260675296126378	0.00350212144327688	0.0274033210950605	0.0197767033636819	0.0358225536346436
CXCL8	0.00449497448846655	1.50630436675126	0.00573257100755846	0.0494777354827294	0.0542471158105221	0.0411012112545668	0.436141148595249
CST3	0.0177228024612618	3.02106111952204	0.0294521304767656	2.43362692175331	0.58345921556345	2.62281485117629	2.23837406466989
TPSAB1	0.0028604525444674	1.33377412541568	0.00397107831107099	0.00295792904528943	0.00485184256539961	0.00813820727200688	0
IL1B	0.00280773008982666	1.31283904689097	0.00334737157441223	0.000485708110935085	0.00407278145329234	0.00464446640413675	0.0106576871871948
AIF1	0.0265558524952954	1.53278273098418	0.00875522603409863	0.0028414257804116	0.00422121017173147	0.00622394998203262	0
C1QA	0.00360219434374204	1.27384826236069	0.00171594775156261	0.000485708110935085	0	0.00785966075613908	0.0406156197716208
C1QC	0.0026447836737072	1.20937166085253	0.00218008156918749	0	0.000206851959228516	0.00897945390086793	0.0248628865971285
C15orf48	0.00872610679338523	1.16246905288733	0.00226417318192647	0.0105759560406863	0.0071882298802645	0.0109582660437628	0.265851124174455
C1QB	0.00418518047789336	1.09009465107444	0.00105178609740534	0.00439165366874946	0.00416226284355638	0.00746913816639569	0.00295232324039235
TPSB2	0.000809560553533955	1.02229393492898	0.00358293131243982	0.00506634722699176	0.00401164321808153	0.00559907928171517	0
SERPINA1	0.00159102007683114	1.00068706550561	0.000758034869591439	0.000306782984471583	0.0012739135545977	0.00453460458931065	0.506440190006705
APOC1	0.00746890884980669	1.01417476743053	0.00674194345778149	0.14770879305326	0.0132466363450557	0.0989236925286728	0.0537025702700895
PLAUR	0.0697431114439591	1.53359048987225	0.0155052799054605	0.242705725025345	0.114550804053767	0.367682530962274	0.187701716423035
CD68	0.00455467789810781	1.06071047202188	0.0305922316067818	0.0325893523928883	0.00293991160734989	0.139520231699844	0.0322995441801408
MS4A6A	0.00768922855878857	0.94853689800229	0.000568924634752624	0	0.00470729613418214	0.00194352481155715	0.0209218339359059
CPA3	0.000429076479652836	0.891938264125969	0.00116076267066861	0.00132038860530644	0.00094243702135588	0.00596409981220836	0
CXCL3	0.0041657989404372	0.926239827464663	0.0023465187135954	0.0963548121871529	0.198344996602912	0.174740886369011	0.226827026254991
CXCL2	0.00284843805646465	1.00961078220873	0.00133626611574486	0.257768043476147	0.563346526177876	0.471085638965024	0.822193379963146
CD14	0.00193566902686069	0.832614646813093	0.00144833562933108	0.0240394955414992	0.251794307015159	0.0782591199974635	0.0063470812404857
IER3	0.120661811443965	2.03865460603093	0.0494845558601516	0.828199559803847	0.531288160718799	1.59181966670886	0.47608970600016
HPGDS	0.000497165842458318	0.761141202345229	0.000148459324381972	0	0	0.00025447213001331	0.0140284510219798
S100A9	0.00227661680821205	0.772907743618967	0.00186989466272318	0	0.00245177679655084	0.00539045950358882	0.101953463694629
TPSD1	0.000485983332547541	0.749321889728598	0.000389364118660492	0.00182596835461292	0	0	0
SPP1	0.00337493125459281	0.765078016468424	0.00163396720449943	0.00307595648608365	0.00891516946719594	0.0117481454595861	0.197313876993516
APOE	0.00805506923252007	0.9518720863623	0.00984261085540249	0.661239103851738	0.0192330192721061	0.537013504066228	0.187848337608225
FCGR2A	0.00109438748261204	0.760000991182253	0.0137568886747133	0.0682449655218439	0.00187616741828371	0.0229161937516105	0.0136941584418802
G0S2	0.0323970911494293	1.19633439892681	0.0605420934920864	0.203674095986964	0.00446958790555525	0.757924835986173	0.0357933885910932
LST1	0.0362755126685774	0.96189087681603	0.0514847223467546	0	0.00159794091037586	0.0110149466143492	0.0168318162244909
OLR1	0.000307404211426497	0.654769443385085	0.00038182606723031	0	0.00205080424769643	0.00262033774762972	0.00244534043704762
S100A8	0.000819168072101667	0.646687350596136	0.000457650816895781	0	0.00644809919110896	0.0039081604311157	0
MS4A2	0.000224886196305431	0.613408835847475	0.000435210206679721	0	0	0.000302610367411849	0
SPI1	0.00229071779724355	1.13413405468125	0.241249216787821	0.00145300262576931	0.000469066663221879	0.0108692213531319	0.0260618338865392
TMEM176B	0.000646679717376587	0.898515326635182	0.0047602590660705	0.471807805496258	0.0412129461366024	1.58148921997727	0.247584318693946
IGSF6	0.00114701088733448	0.580798958528344	0.00132147638170158	0	0	0.000941783733447725	0.00388395505792954
EREG	0.000921754223186625	0.568981713216904	0.000297793638791969	0.00177817197946402	0.000486900429976614	0.000360892786640502	0.00882793622858384
CLEC7A	0.00695342914625573	0.579515627699289	0.000389221459379761	0	0.00318030980215118	0.00170337253035861	0.0119652720058666
FBP1	0.00456619161207697	0.632454041709677	0.022051548848643	0.0102054886241536	0.00687815586345618	0.239291881672009	0.32809809698778
FCER1A	0.000215030670735714	0.529702024136835	6.19212078269701e-05	0	0	0.000302610367411849	0
IL1RN	0.00192366203832065	0.53292751327128	0.000171268040283737	0	0.000188378911269339	0.000665717164841656	0
C5AR1	0.000225880737291666	0.529265103958271	0.0018086931813667	0	0.000423945776013096	0.00401548022006845	0.0133116301368265
PTGS2	0.000853468553465286	0.563461021312728	0.000392364251439894	0.0722094893455505	0.00275729884371233	0.235051431521212	0.0713505564717686
RNF130	0.041649732283916	0.857739847900807	0.0507718712607118	0.36421391914179	0.337387104536358	0.359898634109038	0.298185834183412
IL18	0.00116810996676085	0.517519789718048	0.00481829224642606	0	0	0.00182042868566314	0.0680756384484908
GATA2	0.00087570712313674	0.533850740331423	0.00105555784733087	0.0112251651942075	0.437854331429495	0.010466394254852	0.0183958669269786
CD9	0.0530792670688199	0.965040619793924	0.0297128733469758	1.1065956397109	0.86902658043866	0.838652035865824	1.20634074638872
CCL3	0.187771632346221	1.25634855334057	0.0307001903949464	0.0575461380822318	0.0118969442171343	0.0201780799841781	0.0210527969809139
GLUL	0.327460336350687	2.01501412478571	0.0443711601477271	0.901792182660365	0.591014466468227	1.04209466609247	0.6386849017003
TGFBI	0.00818128115387373	0.555355109782712	0.000830553981831671	0.612980331274179	0.000409011977711363	0.244846331783917	0.0279560015482061
CXCL16	0.0670542602841002	0.866516335405569	0.0790324592960868	0.0713862859809792	0.057656153674331	0.112419348925227	0.369687686036615
HDC	0.00101298738734513	0.463816088519366	0.000144643501214184	0.00132038860530644	0	0.0024919858337945	0
IFI30	0.0368841448905912	2.2433938649198	0.961627979801163	0.134314012082068	0.0903105052464316	0.0980386886287434	0.510266318741967
MRC1	0.00105582109936514	0.458493789174171	0.00122196874546402	0.000306782984471583	0.00762797190241836	0.00137682928699829	0.0159513271556181
CLEC10A	0.000129786428890043	0.449105259126622	0	0	0	0.00027175625497826	0
PLAU	0.00107742887630583	0.494922181219153	0.000269801745751625	0.0866061436474978	0.0593999131444539	0.251659368346426	0.0252601763781379
TREM1	0.000425576426140948	0.443969857873972	0.000823142560639739	0.128310841570844	0.000281451147709167	0.027189136090139	0.00612708035637351
TMEM176A	0.00126189033861839	0.681512188330496	0.00245842116902926	0.465508709844652	0.00937286870901665	1.60110325499309	0.263711431026459
MS4A7	0.00051598580873629	0.541339444540165	0.0668833524172343	0.000379232076498178	0.00104454898377925	0.00175295491597642	0.0115477208530202
GSN	0.0103545293876754	0.942541644194438	0.0891828672764069	1.80240648214634	1.66007757305529	1.24972977642734	0.691959861657199
CSF1R	0.000299467124269977	0.431539546683518	2.48472999765565e-05	0	0	0.0012899867261304	0
RHEX	0.000423527551319925	0.439731557487744	0.00637263660654329	0	0	0.00247793604639285	0.00413716905257281
TREM2	0.000645207711343656	0.430610711042412	0.000435773426922149	0	0	0.00138694469898814	0.0204616843952852
CD79A	0.0166106850274046	0.0336492910115575	1.93482123897373	0.0127147827043638	0.0172722431575282	0.0151173447265785	0.0266391709271599
MS4A1	0.0354079943410079	0.0280622132781886	1.62901523446447	0.00869401879363008	0.00970597900271986	0.0108004451645967	0.0167719835393569
IGHA1	0.018549452185997	0.0323906478826066	1.0183621442561	0.0056415729208307	0.0153436347628324	0.0160682837833421	0.0464228443538441
BANK1	0.00273354563590589	0.0386582918613278	0.863801307422915	0.00525191537626497	0.00918892073289059	0.0101290225184612	0.0552738610435935
IGKC	0.0711723830314764	0.109359022504405	1.46127911151786	0.0404476377204224	0.0428641476243307	0.0643478742403964	0.0456310352858375
ADAM28	0.0108671318825489	0.169220110865829	0.881064459712517	0.00171018741943024	0.00618730319173712	0.0164585034692637	0.0680030294025646
JCHAIN	0.0174072271157174	0.06941534414626	0.804698138171029	0.0204889517040043	0.0401002335206173	0.0665363120608749	0.0605915934899274
IGHG1	0.0502735683579843	0.0559674704423425	0.969629348652474	0.0191303581981869	0.0125265693322323	0.0409652634095946	0.0455937105066636
CD19	0.00174558208733009	0.0109666830893846	0.569348831638554	0.00327612051597008	0.00359628561010771	0.00390832827929174	0
TNFRSF13C	0.0145173087458213	0.0110928189220019	0.644871000446774	0.00277053361410623	0.00449701236195541	0.00695580916674067	0.0100623449157266
DERL3	0.00514964859504752	0.023540918125279	0.606702386960621	0.0426271253103738	0.00185556837246178	0.086005464323395	0.0530991624383365
IRF8	0.0113793180798239	0.351920452638444	0.716072589649835	0.0328763380679455	0.00429268993259047	0.08833132166244	0.0202711979080649
MEF2C	0.00502510732464221	0.261751887417211	0.740389648428638	1.00503364479149	0.476085458566127	0.135138157306855	0.111063058516558
TNFRSF13B	0.0048822614518545	0.00900367611797697	0.527272874997388	0.00196100764222197	0.0035201848636974	0.000779660740656833	0.00674910363029031
MZB1	0.0414371211114933	0.0270282708692272	0.71334964718772	0.00265908822908506	0.00140417564428594	0.0149070134073122	0.0205477439655977
VPREB3	0.00113550119339799	0.00736580835680748	0.492974869439004	0.0021532891870855	0.00131990095074667	0.00408637762069702	0.00913990301244399
BLK	0.0114447393969152	0.010047839185183	0.523024480412794	0.000578465723729396	0.00526899896740343	0.00296915789029588	0.0111417983560001
POU2AF1	0.00967543296458718	0.00523954535320721	0.510640499075166	0.00251379385099306	0.00235683192476702	0.00345579041846128	0.0153222019532148
IGKV3-20	0.0836949320871241	0.0757415493677931	0.909326305099463	0.0251206359758482	0.0926614743556703	0.0530065181489769	0.128806652461781
LINC00926	0.00178373775561122	0.00898629774591844	0.466806939418433	0.01549209689046	0.00645036593578649	0.0114175627022109	0.00226790582432466
RALGPS2	0.0118950667125329	0.0194978573006264	0.51735009422856	0.0474055670905899	0.00528829352137004	0.0148706640932849	0.0644152537514182
IGHM	0.00910589741549611	0.0164517788859139	0.496377366280626	0.00179565282968374	0.0105515921058837	0.00398106004403725	0.0118051276487463
SPIB	0.00110284881800144	0.0701789285379079	0.464884458750492	0.00281305056351882	0.00804849113573868	0.00733953694918166	0.00258371577543371
GNG7	0.00819266793497554	0.0657714036426581	0.503681089506447	0.00406859581287091	0.120139961197045	0.0280128703780753	0.0144628227458281
FCRLA	0.00137478516601951	0.00970170325470714	0.438241850496592	0.015566471854409	0	0.0018128020893081	0.00258371577543371
LYN	0.0158056438607066	0.443838504185686	0.612215832561788	0.0481949978346353	0.127159974483782	0.0578202587116712	0.122050680553212
LINC01781	0.000553393480944174	0.00606873534808614	0.426215530968948	0.00106643909936423	0.000673930519505551	0.0022285380922102	0.0114078088367687
CD24	0.00135982732374852	0.0044350237781309	0.430120468467523	0.00248419586118761	0.00518342294191059	0.0300655448736007	0.449225261982749
ARHGAP24	0.00116451245563635	0.0454199067263575	0.45511409346764	0.23151010796264	0.00281968470395467	0.145100201767359	0.125652571285472
SMIM14	0.0515299188929993	0.147853575456909	0.756341821198599	0.257501099895645	0.255498776584151	0.338507926089993	0.490761580887963
RUBCNL	0.00137603943920477	0.0565774241037536	0.41598465122479	0.00492763008390154	0.00803299806905135	0.0121572710779422	0.0102061169287738
IGHG2	0.0128494007882658	0.0200695874491165	0.455534488166133	0.00884773283214359	0.00809167122726806	0.00513529831395488	0.00502018283395206
SWAP70	0.015745600492988	0.281135629464311	0.571021264095826	0.174667303273966	0.369501062192415	0.102421030439592	0.219514092557571
HLA-DRA	0.411239037007007	3.01616827779578	2.92075087989813	0.0444537681799669	2.0737501960508	0.135570524696526	2.24660584786359
LY9	0.214558491503792	0.0670055630169882	1.24591568556918	0.0116704351299412	0.0215024470598504	0.0143302773381876	0.0654015717786901
LINC01857	0.000421483855866841	0.0735747226567296	0.368713450882844	0.0015066129558689	0.00506225300747812	0.0049161192064006	0.0037854076834286
LY86	0.00146169977721999	0.400926942509285	0.424378461509454	0	0.00301527355276226	0.00397451139892993	0.00226790582432466
CD83	0.192357755969624	1.7406192863429	1.42997421801167	0.0715457225369883	0.0912571565614363	0.155386866730127	0.0868674637289608
BASP1	0.00775986630958509	0.454349333501002	0.507459149739329	0.0830401632288	0.0100868147297909	0.445779172451426	0.101193890010609
FAM30A	0.00153260675077248	0.0288245311071533	0.328222956891276	0.0017259611926236	0.00241147732620604	0.000588999929288441	0.00226790582432466
COBLL1	0.00152178263924679	0.0266689789248721	0.356664342852651	0.285614839831551	0.128135322691721	0.0765159172443166	0.172847911049338
CD40	0.0100581269659754	0.393905048767726	0.470146266067299	0.220497485255147	0.421078681341199	0.139950995400361	0.0443816980193643
IGHG3	0.031286610607239	0.016838586609266	0.429144798933723	0.0477812683451307	0.00173610522986599	0.0204887848868031	0.0170957496586968
HLA-DQA1	0.403966297122435	1.98517779711859	2.08877465860669	0.026152617590768	0.56235003696104	0.0324756856343736	1.16116473800996
SCIMP	0.00101740856121009	0.114347693631988	0.312327238053463	0.00330595718635308	0	0.00234383829966749	0
IGKV4-1	0.0651345449974969	0.0617642937626755	0.52762258403241	0.0309990288923075	0.0518083987053502	0.0466613236481176	0.0246385313482846
TCF4	0.00434514012693199	0.136999033120176	0.530578372321804	0.663930497038495	1.20587952881909	0.873155596645307	0.0801398238013772
IGKV3-15	0.029178137398759	0.0304664265179959	0.386141564649006	0.0197997068834829	0.0273556213972101	0.0131511329706743	0.0115152305715224
IGLV3-1	0.01604892433473	0.0260401405670025	0.334239651368808	0.00094353382404034	0.00301078919588664	0.0154010004279005	0.0118622202031753
BLNK	0.00165688093489074	0.044903788359774	0.286914005187292	0.00290582719739977	0.000636269601338218	0.00668929884373892	0.0693907485288732
STAP1	0.00870666193715906	0.0569478249526628	0.310650896910613	0.00285741337053068	0.00541310841957348	0.000541466339861499	0.00299328214981977
IGLC2	0.0108839236041917	0.0211988480514021	0.310818418855818	0.0121140737585969	0.00385065112958114	0.0156211893179427	0.00535449532901539
IGKV1-5	0.0607237388987369	0.044350671963385	0.485240121614425	0.0215674958386264	0.0564732959738188	0.0320243582565914	0.0323412259887247
HVCN1	0.0162995574028343	0.129154854185632	0.344108506950631	0.0705199802314842	0.0688417622689425	0.0425021448893527	0.0116711173338049
IGHA2	0.0026619149892276	0.0086254398957563	0.268579878163962	0.00327933159503308	0.00648867232947829	0.00169380803736683	0.014835524559021
CD79B	0.0506242747866552	0.0212812980387875	0.426508732685368	0.0118235570519835	0.0258640648759723	0.00960021777631847	0.00379955179551069
LAT2	0.0276720201117652	0.475080343512764	0.414086218527973	0.00299969162259783	0.00541640312477732	0.00208705103048221	0.00249156334820916
HLA-DQB1	0.423961771215813	1.81576237017648	1.86370660079073	0.0346245258457058	0.477113753197866	0.0330417099108756	1.17894813579672
IGKV3-11	0.0430617662122335	0.0368107519419337	0.38508312362825	0.0162007897764772	0.0403835458504526	0.0257461587305348	0.0369280450484332
IGLC3	0.0144273559965561	0.0190316811407286	0.288182024326388	0.00946032251630511	0.00732436321568831	0.0111649791964926	0.0247048801534316
IGHV3-23	0.0107968190756445	0.0155292641767981	0.274501526869546	0.000860417491787083	0.0107046805158186	0.00364814019103429	0
CCDC50	0.0574270901989868	0.164600687301182	0.515564027978054	0.355693811112708	0.474238316202848	0.369154823489768	0.0891372449257795
HLA-DMB	0.0519019261755864	0.761308765890073	0.513396449832871	0.00507592657110193	0.257129125161604	0.00968281600764606	0.39215437412262
RGS5	0.00186096859071865	0.00903465631644861	0.00218421552810606	2.14853388398558	0.201876822282253	0.0204438675647001	0.0129865051718319
IGFBP7	0.00979123696143116	0.0982397609426264	0.00598389269823607	4.27507028275794	2.28295785087147	2.91336103359027	0.741690771719989
NDUFA4L2	0.00170312268434073	0.00417203016913193	0.00874338997441714	1.97592856737284	0.0381997423993343	0.194015294602725	0.0975818577934714
TAGLN	0.00714774690384058	0.0508649168841788	0.00606504251411141	2.91297493735513	0.0622550858264905	2.15646509756603	0.104654534424053
MYL9	0.00350770768604093	0.0371094936469377	0.0337925513410586	2.83003551273556	0.312538848516473	1.88424740384064	0.507018542009241
BGN	0.00281943921648941	0.0109189340106228	0.00118523501070019	3.14079367027178	0.110005835026645	3.09653725695909	0.321903523557326
CALD1	0.00143730290779626	0.00764143314975047	0.00629272151820182	2.55745594339056	0.688311286828164	1.97375685792089	0.209700818061829
LHFPL6	0.00776615010326807	0.0169189108603182	0.00229664998418663	1.89055164685616	0.292750605932263	0.606018831330862	0.0669751435167649
ACTA2	0.0416562577424389	0.0137536837343584	0.00702362451061202	2.49432457648791	0.0301885232628818	1.34610137672105	0.0831886325163
MGP	0.00682534654731737	0.0190133944403591	0.00538223941955943	3.64137447244518	2.93461135129609	3.80676380886692	0.605368548281052
TPM2	0.00590748806214613	0.0261576906979433	0.00379141245099852	2.31034619915616	0.0967074755048067	1.88638781014845	0.212592907092151
SOD3	0.000380459991122375	0.000796843495285302	0.000346262138106686	2.12936554159437	0	1.68641730920041	0.524237847959294
EGFL6	0.000967436981274419	0.000757121649401927	4.85602082240364e-05	1.39366360169191	0.00435335433083858	0.173300652404211	0.00392367250779096
SPARC	0.00870886097570433	0.0548067848491855	0.00706979010316679	2.86299886184734	2.59791429766057	2.73076055986861	0.469159727096558
SPARCL1	0.00244465804177353	0.00464499240730241	0.00170019718250914	2.36202308699325	3.07587878098328	1.75157310236448	0.112590304823483
COL4A2	0.000933261901816729	0.00637666889333818	0.000581044706553248	1.68604631290331	1.61976164014716	0.566254289237525	0.150151025828193
NOTCH3	0.000309804224443021	0.00123456493455764	8.92362704995681e-05	1.29293179132126	0.0121139773911837	0.172415726977911	0.124655514464659
CRYAB	0.00126952302356205	0.019341159801037	0.00144668754539989	1.52014238580243	0.00318951191514303	0.78522731764546	0.0495099617453182
COX4I2	5.96064352545646e-06	0.00224887770751299	2.18784050448005e-05	1.22248738613757	0.0338490575694582	0.0178873048666631	0.00445782212650075
A2M	0.0039864958555427	0.25966179229595	0.00239157593133726	2.87649184685487	2.43544928207352	3.4189699324155	0.0573874510035795
TFPI	0.00056179589196915	0.0208810624323393	0.000133811613220809	1.65739115720267	0.789784239011518	1.09350938808469	0.503217808008194
FN1	0.00384420806666978	0.404233906410823	0.00271001703953352	2.17503894989307	0.169814216303483	2.4708428586078	0.426440285304013
CSRP2	0.00182620400799727	0.0367616690018488	0.00164702383184583	1.33706590317108	0.268311888909226	0.403410254577214	0.0346548228404101
COL1A2	0.0053218740502566	0.0039605936506803	0.00182968562312549	2.06936049650004	0	2.75873266295908	0.379792661105885
COL6A2	0.022240989913833	0.0204378309352124	0.000810364762194327	2.06870766322691	0.147448052915089	2.32065660295127	0.204129861943862
CAV1	0.00611412818774894	0.00361273699104205	0.036419022914295	1.7175172164938	2.25957760866749	0.296290541834911	0.523766441415338
ADIRF	0.000642269043451203	0.0155317556044744	0.00118283137846776	1.48467246459081	0.909407079322486	0.770548009732777	0.615197969885433
PDLIM3	0.000459598995634549	0.00363791787833498	0.00175898914758492	1.49656597726948	0.103055336019069	1.19269786888087	0.0586884645854726
TPM1	0.0188955356107675	0.0970804512500763	0.0138559264220604	1.89293040445873	0.613284085424323	1.56099704068575	0.41336721665719
PPP1R14A	0.000776700413172146	0.0600579978615685	0.00904214474816666	1.58993244875918	0.220219526484823	1.33926834130886	0.0121425931593951
SERPING1	0.000563252763468203	0.166325823610057	0.00175059062652627	1.8296830026396	0.458112876198509	2.0302437091572	0.333224695850821
CNN3	0.00228720722659942	0.00166340982704832	0.00696037340100413	1.54582556638089	0.907294457335221	0.985615914139788	0.576523031627431
CAVIN3	0.00575684913231419	0.048637998629267	0.00119383280533659	1.43445615865372	0.52782052872854	0.803018611918932	0.170026814516853
IFITM3	0.108550962178673	0.8846697861084	0.0349726505470637	3.74057453621875	3.68483240816582	3.22208186634415	2.14573906169218
COL18A1	0.0214595047393784	0.0702799165086207	0.00921928129365932	1.56908686263221	0.59548866213794	0.768936845745003	0.183782544346417
ASPN	0.000325006898667426	0	3.47215578226646e-05	1.20794353566327	0.00338945782355715	0.525249187517366	0.0131456868788775
HIGD1B	0.000173660418466001	0.000450247672566196	0	1.03846105559842	0.0274757117289675	0.00232077116746783	0.00249156334820916
PDGFRB	0.000904297482582831	0.00122631955565068	0.000155673847055989	1.16816122576431	0.00137159055499939	0.547014790810801	0.0134142123951631
C11orf96	0.0018736874370531	0.0228473930818993	0.000388518555910687	1.44366705375713	0.500339089455217	1.23559236178089	0.190508599982542
COL4A1	0.000458063269499769	0.00386737209546868	0.00043784541697591	1.27741970198495	1.52162544247066	0.382100963697274	0.076809480751262
PLAC9	0.000582287398636351	0.00153362667351438	0.000702955830561193	1.31116741746337	0.0484998886551013	1.20881248788355	0.0108586751713472
MFGE8	0.0218141558659038	0.0113203540577991	0.00558974410385427	1.30904624894425	0.105458350808997	0.591463007483023	0.0911690428677727
NR2F2	0.000154080254609602	0.000507558540061668	5.6272343809898e-06	1.1123491019731	0.225173667789076	0.51610911500005	0.155144211123971
COL6A1	0.00415629020789557	0.0164013402805923	0.0018907287611862	1.41811594763955	0.055754861500845	1.62484287532802	0.091301042472615
DCN	0.0042221558918052	0.0106990585434042	0.00311720981652436	1.95882301244107	0.0190315235516671	3.66788193889243	0.249404617477866
CPE	0.000701205558104612	0.00409584287314387	0.000529507059515281	1.02130639812449	0.0850776483339556	0.294650706591466	0.0116877262031331
PCOLCE	0.0130603877070577	0.00936068260414094	0.00264628070391669	1.3562086551268	0.00934084494148145	1.40104018244783	0.157139550377341
TGFB1I1	0.00206749663191823	0.0187241818844459	0.00170652133581538	1.07788720806876	0.270215816007276	0.492978912210365	0.066103391086354
MUSTN1	0.000821775085467449	0.00341970932181583	0.000208563212428315	0.872730078435206	0.0148627253012224	0.0108627283224002	0.0101477822135476
MYH11	0.000913953387019048	0.003784011930053	0.000704012956374731	0.893438887176933	0.0687670464378795	0.16889527766525	0
FAM162B	5.87158867230003e-05	0.000262930607005634	2.23132082290523e-05	0.860627165888692	0.0106238677056783	0.149121316127697	0.0105605321771958
COL3A1	0.00507270669363367	0.00434080595161483	0.00338746386400296	1.43743627802356	0.000251334135612232	2.37471505343166	0.386271256839528
C1S	0.00131629487641701	0.00598900870970118	0.00134723418204465	1.36866749842088	0.0125855874330804	2.32107465179894	0.230595634123858
FRZB	0.000169492810430493	0	0.00119463184017951	0.954365799191234	0.00165227830695193	0.651606144062146	0.0412965286479277
FILIP1L	0.0018958858754737	0.201561316572435	0.0101806233454138	1.02874757507345	0.0961627865750253	0.638275447490325	0.0763336934762843
TINAGL1	0.000133148083143174	0.00256701280266686	0	0.850421834778	0.636961768255279	0.0125995096377249	0.0820850300788879
GJA4	6.00506327912799e-06	0.000460683272363614	0.000831716048763678	0.806096096720014	0.245322437046818	0.00447687117624482	0.00367437110227697
C1R	0.00245289587113898	0.00212533703556767	0.00538972870370291	1.16222534905423	0.103010633299796	1.52077690731282	0.207559079983655
MAP1B	0.000517113985391094	0.000496181925834968	0.00369393423746662	0.811546071361709	0.0318164295785165	0.0884782628584108	0.0555597567558289
ADAMTS1	0.00148844688006647	0.000628119421284101	0.000318566646727221	0.890713422324631	0.231387618386574	0.369559723530354	0.0365832132451675
GUCY1B1	0.000303743597711998	0.00936589854967292	0.000338405082419754	0.81723711852189	0.0177003939756366	0.178641598114907	0.0263726981948404
RBPMS	0.000480796799234083	0.00162024406661764	0.00456794695294754	0.937668250497881	0.474907833913867	0.465835289316696	0.343433122354395
IFI27	0.0116688259674596	0.181342928902215	0.00970747356891104	0.44519349365444	3.41263265807092	0.0833947605867266	0.343699974312502
RAMP2	0.000868005630485351	0.00263212293212177	0.00479952255862816	0.0371019743301056	2.83247813028582	0.0197619997856507	0.00597633838653564
VWF	0.000863332311373397	0.00248733308580187	7.19669370540414e-05	0.0188590289734222	2.62238856049816	0.000331846700053833	0
EGFL7	0.00201579695818957	0.0519080476361176	0.00274640587703963	0.0657191157341003	2.58296502149847	0.126449793706878	0.287383875496247
RNASE1	0.0036890272972913	0.488020829629247	0.00352608870402229	0.0221712303161621	2.82819240760575	0.0178081124297745	2.05395226254183
CLEC14A	0.000443520694080932	0.00021739257938913	0.000260757297810715	0.0154253432252905	2.21100039609882	0.013968854818384	0.0099000108943266
TM4SF1	0.00139847786562051	0.00616453389675297	0.000674448000991109	0.620765299901857	2.2417927373083	0.100972969083108	0.854537481279934
PLVAP	0.000340316988213678	0.00694244794213516	0.000642491527598539	0.0196512418264871	2.04109562144895	0.00262320761900068	0.00858326140572043
SOX18	0.000277965642584329	0.000943782515460752	0.000231717825155816	0.0225599106851515	2.01848393793882	0.00147342534743592	0.0120262441915624
GNG11	0.000839784379134835	0.00924249584679483	0.0202880393269097	0.62965317094719	2.44686186387778	0.425560581105524	0.0221110453325159
AQP1	0.00071121338183287	0.00123600323994954	0.0002794199024173	0.11940658218258	1.94299281072388	0.0317429330508579	0.0293998392890481
BCAM	0.000490783630611343	0.0049327300817181	0.000643496156684412	0.558175608011392	1.92388962717148	0.0446485441249784	1.02689836312743
TCIM	0.00126770081791094	0.000650231489661144	0.00128661714396647	0.711323200791747	2.34250228305753	0.959133158782536	0.623308990562663
CCL14	0.000550986585569862	0.0011201596678349	0.000339075202674493	0.0177473937024127	1.78274940544338	0.000115685712343479	0.0099000108943266
SLC9A3R2	0.00438642567509086	0.013896719951611	0.00407964048482817	0.31307976602198	2.16301894184505	0.663563851746555	0.959915970493765
CLDN5	0.00064145215828481	0.000743354905186108	0.00050352761851446	0.0165862218102256	1.73337397665498	0.000388909742921965	0.0115384890051449
ESAM	0.00280137581800027	0.00417683098516037	0.00307043221049194	0.748929951374347	1.81639351795735	0.00113512269622611	0.0507962942123413
EPAS1	0.0366103169362198	0.117250075256615	0.00413804226092275	0.833397460403023	2.45223037658126	0.519601128525315	0.525605712918674
CA4	0.000191308038392191	0.00050346447013275	0.000111282378451628	0.0119565984704992	1.64414450043126	0.000405467728690622	0.00249156334820916
HYAL2	0.0059187215963389	0.0200891297393375	0.0100850529584733	0.131154811460893	1.77993200061424	0.0920529684411931	0.132781965872821
PECAM1	0.0600628664952778	0.199696638323875	0.0740279143905754	0.0234143871265453	2.72084470649655	0.00334467368395259	0.0389595092044157
ECSCR	0.00100373217648137	0.00108777825130589	0.000357988353497734	0.00889634114045363	1.55684746536912	0.00656796641429598	0.0120261343787698
CDH5	0.00014888599029192	0.000667273380138256	9.17081596710171e-05	0.00667723129083822	1.54590076840095	0.00800849760925421	0.00249156334820916
CLEC3B	0.000351391460407633	0.000224285190797921	0.000401464125213313	0.139847300183642	1.55959171580356	0.0263403161649425	0.0066996431350708
FCN3	0.000794427907188143	0.000618724423309981	0.000151496120450066	0.0091397241969685	1.5004849921117	0.000826384512450406	0.0134325605280259
CAVIN2	0.000209746295263548	0.0927448512424967	0.000142056585303797	0.223288075059325	1.75898458642823	0.526449146657309	0.137772266584284
RAMP3	0.000607734310441832	0.000494154419815331	0.000191284460877167	0.0135494895819779	1.46318000672537	0.00750595327201747	0
CD34	0.00143365288130719	0.00209437780212938	0.000458927041401042	0.0153268716623495	1.45146920933107	0.0698262657530637	0.00230196728425867
ENG	0.0310754395123329	0.347633582513932	0.00887325553849183	0.707743121215275	2.21464491387874	0.757303788681908	0.0189749650394215
TIMP3	0.00196347859089316	0.141027842362722	0.000738538504746364	1.15406487829083	2.20197380109267	1.7687315821897	0.0619593045290779
HSPG2	0.000825344440187889	0.0158647349610431	0.00244347342660211	0.110521763733455	1.55072806508918	0.410926718691902	0.264302538983962
CALCRL	0.000837677363792689	0.0389982629449744	0.000657046411534865	0.192790169846881	1.39461632509551	0.0338533008497629	0
CD93	0.000768770590884874	0.163856988840865	7.47892830649374e-05	0.0224632940187559	1.41065310851239	7.64194043610385e-05	0.00796252979951746
ID1	0.0713368320507815	0.0445767552624901	0.0202444531668642	0.817031510347848	2.26434764978418	0.511565121786365	0.424645697229049
EMCN	6.55220604366075e-06	0	0.000192877082142129	0.00420995096583943	1.27617935046055	0.000328319990485283	0.00221497563754811
TSPAN7	0.000516078024110731	0.0187150200719257	0.0002915079033786	0.0180364908228864	1.2808042568225	0.00690302572988566	0.0729103688632741
IGFBP4	0.0735681649618821	0.0616034979801661	0.0356995338028899	1.77365540365596	2.83786187477659	2.03531905375764	1.32418920404771
ARHGAP29	0.000230641115198039	0.00153558689716034	0.000920925987116461	0.396986067347474	1.23262938177757	0.0615312841646841	0.164333553454455
VWA1	0.000252992601438601	0.0112560045695909	0.000670955273261085	0.12237787768081	1.25004822940918	0.172296084205476	0.471571261882782
SLCO2A1	4.17833735988009e-05	0.000147891369944195	3.46763418556865e-06	0.00659089146079598	1.16264035281952	0.00356474065880396	0.0161566396320567
CRIP2	0.0612385740294801	0.0200639230280127	0.0671330727524389	1.53790495744118	2.17419392653059	0.533298270839528	0.481673017810373
PTPRB	0.00033645112251214	0.075684917884031	0.000798804529521149	0.0030871285711016	1.12595324699959	0.00631872104800396	0.00628544358646168
CAVIN1	0.00142899869020979	0.176493143500873	0.000924183559294579	0.989345842586769	1.49270094195051	0.913772336010155	0.12697520087747
CD36	0.000279663428651491	0.107540219129875	5.21151178592555e-05	0.113816695868314	1.12035534841592	0.0120736059484123	0.00190888853634105
PRSS23	0.0139631621870984	0.00198042450592532	0.00059727756921226	0.666099326689165	1.33712716109445	0.397875473444432	0.120392347854726
ACE	0.00416796649472871	0.0862167960626108	0.00226304510888348	0.0119374681829096	1.09772458500839	0.00231580818048581	0.0156595308640424
ACVRL1	0.000148277549862475	0.0164258822060933	4.65843152392946e-05	0.102072744893504	1.06520798516616	0.0854098105929387	0.00485228538513184
FLT1	0.00295340739982815	0.0650507140670836	0.00163046578995044	0.0162937525078491	1.06574649457156	0.00103358529102852	0.00249156334820916
EDN1	0.000275389520681277	0.00958802120727405	0.00239387907658176	0.00683097724076156	1.02220456002432	0.0126952813559496	0.110399117610034
LDB2	0.00134750380839966	0.0032479956229063	0.000152515915570015	0.187781638522725	1.05039145670439	0.13761187382323	0.00249156334820916
PCDH17	0.000131863817295375	0.000505549428988154	9.21837528392719e-05	0.0168171959656935	0.99040368771439	0.000127205419739919	0.00552100798662971
EMP2	0.000631740026088232	0.0707070576540443	0.000840318974831121	0.748965204757648	1.24584793955515	0.80131926904413	1.19160053786109
SMAD6	7.93993271624071e-05	0.00483158795689514	0.000587969721298204	0.00916678874047248	0.949939730213019	0.0138184565081257	0.0110816722757676
ADGRF5	9.76348151157976e-05	0.000310526586647852	0.000217612908568644	0.618648523576967	0.980141051397369	0.00568995767058688	0.650824266742257
THBD	0.000199728066206263	0.285672112298988	0.000626582508046696	0.0723257463056963	1.02366815084476	0.0248525553018977	0.00449747534359203
LUM	0.00338168165671132	0.00526038366451598	0.003011854933738	1.29801487880749	0.00841751934808977	3.75116052535289	0.366674329252804
RARRES2	0.00284173001240374	0.00848790052109062	0.00274625032683884	1.30606997943187	0.0158825337943848	3.252073030801	0.814175811374889
PTGDS	0.00716886022632532	0.0496892535663255	0.00222732196454961	0.0291430101289854	0.225574538810401	2.88972869329123	0.108821697796092
MMP2	0.00054404114431683	0.0276923431220808	0.000471792444380595	0.153855422329117	0.0964263348145918	2.65977493634783	0.0609785744723152
MFAP4	0.000578056992392305	0.00254371386987192	0.000167040968046838	1.02956824441533	0.0063295885136253	2.466839778139	0.0201657581329346
COL1A1	0.0104400004297215	0.0151680542758101	0.00956246719624675	1.35055587462017	0.00123003471411016	2.36514096429657	0.641955872423509
SERPINF1	0.0023997595880316	0.277386391843736	0.0086914795539274	0.415029391168238	0.00224122529965268	2.28266599018703	0.366794518442715
SELENOP	0.00105724727014853	0.195708694004873	0.00101883096132875	0.602266327155815	0.61572768375634	2.23007821892345	1.03160358968903
ADH1B	0.000594782611578677	0.00295132728348001	0.00194634720707837	0.370438002518245	0.00175525373248963	1.91594304635435	0.0128740377987132
NNMT	0.00158571747061864	0.00942335624443857	0.000496588617843624	1.15207144045568	0.567213522703454	2.12445603628039	0.323993254970102
TCF21	0.000200569339530178	0.00137380032279106	6.17276107092841e-05	0.829291979899773	0.00386426909688557	1.82783159455495	0.00699144419501809
FBLN1	0.000432428048319897	0.00111627111658018	0.000377681679972818	0.144814906041701	0.00405042071091501	1.76699277180508	0.0725935468954198
CCDC80	0.00125059279672805	0.0124667008299577	0.000719624971952018	0.34005967939293	0.00863511890885933	1.74674071034128	0.0989868904562557
COL6A3	0.00780747795129396	0.0022498615582784	0.00210257025645505	0.955795254681137	0.00274436713405773	1.87648822624314	0.236905239189372
AEBP1	0.00165389087444728	0.00486463688038014	0.00894478152816838	0.933242046859238	0.107552918942921	1.84745985389753	0.0745680006812601
CFD	0.0168722878090044	0.441799726144612	0.00786815486277982	0.00501026462722611	0.00112870661265542	2.11959763186746	0.0742484744857339
MXRA8	0.00178634491770885	0.000952991263443499	0.0004617638010487	0.847958172153641	0.00771561024862043	1.71690904918575	0.145310821673449
MFAP2	0.000473777749347573	0.00382743290990417	0.000376712412351261	0.255618659192389	0.271581827099814	1.67107457692902	0.0985915172801298
SFRP2	0.00110092835817794	0.00309029431835717	0.00185393836396665	0.0840165417272966	0	1.51642773965163	0.390465608484605
PRELP	0.000537797045760603	0.000719058783198425	0.000131665477671761	0.97305714738238	0.00191490237222334	1.5653466392137	0.124313043145572
DEPP1	0.0036224582471382	0.0114810938607415	0.019001064404881	1.14561534572434	1.24896618219084	1.93490178353118	0.201536744482377
S100A13	0.0034586111690266	0.0906374746921234	0.009224319600065	0.691574348250588	1.12975460832769	1.75677542764771	0.803724064826965
OLFML3	0.000483684693816824	0.0408290932215678	0.000364498173348294	0.207816162711971	0.00623440485821957	1.37543857065205	0.0110145291160135
CDH11	0.00014960589395039	0.00102592269347193	0.000126148871754483	0.204925210109124	0.0168947648659848	1.32135753048015	0.0790082429437076
LTBP2	0.000423964268722964	0.00979068129383332	6.68161211363879e-05	0.280215905734471	0.0134889899714712	1.33079474921256	0.0698084925903994
CTHRC1	0.00433153736060299	0.00460089746274446	0.0121697878777112	0.384208940306863	0.0260342238280191	1.4155305304662	0.263033468442805
NUPR1	0.00147409443949693	0.348590537476958	0.00183139430423259	0.925967382153312	0.171658312954971	1.52721563013777	0.660357465463526
CCL2	0.00209482908208209	0.288347533925003	0.00239043117943911	0.249857042543181	0.731293255484275	1.53944947062676	0.173195545252632
EMILIN1	0.000871314627661561	0.0189968760134416	0.00138656557255006	0.533470501035124	0.00434531794780749	1.2872203414111	0.0292759626051959
FMO2	0.000270490815643972	0.000647958296316641	0.000148448160358338	0.383301932706938	0.0283993247365267	1.25041076640953	0.154178864955902
C3	0.000735283066417032	0.0991390831800465	0.000212819654768715	0.0200499163879143	0.000910199726597544	1.26193933061476	0.756806821262135
PMP22	0.00144354952970734	0.552134127842288	0.000429995149467467	0.904124985003209	0.370615673726826	1.53477811010313	0.188511732325834
LRP1	0.00123034604256176	0.2378925612656	0.00142816577806967	0.49241401040947	0.0159106576841984	1.30794758382203	0.111602702912162
COL8A1	0.000162614411635496	0.003269339639541	3.72097822511972e-06	0.345448924394754	0.000443088301060873	1.19452043957541	0.24604252576828
APOD	0.000614870153081399	0.0033098655881008	0.00259555604070387	0.00663159797479818	0.170777534936604	1.18675879331812	0.186598593627705
TGM2	0.000519553956409265	0.0654132473584969	0.0442054195641328	0.766271741233029	0.908841305942627	1.50978829593838	0.15405374919667
ISLR	0.000273309749717862	0.000612824609172739	0.00019032907494758	0.261926542062026	0.00520990335199822	1.15367139945719	0.113295472649967
ELN	0.000283544532755044	0.000227147152549342	0.000470399269866803	0.15057947405092	0.175343841947437	1.16232808478956	0.0803151629952823
SFTPB	0.00414643704962417	0.0037914463837012	0.00160354184677759	0.0118274176251757	0.00570950471613396	0.00712248404155715	2.98152208664838
WFDC2	0.00144124648151473	0.00555473834682859	0.00189590224786958	0.0610880162689712	0.00879762033526407	0.0207065472393355	2.89239610153086
SCGB3A2	0.000676141709348695	0.00195035563110143	0.000696526361861983	0.00860090554415525	0.0111435345827678	0.00471705092545833	2.38072942789863
SFTA2	0.000698163436732412	0.0042162696334586	0.00342949167243055	0.00687380140954322	0.0268688967809723	0.00645785815546203	2.13352474338868
CLDN4	0.000676359896225253	0.000575623816681652	0.000314102347014553	0.00186252840272673	0	0.00473886093833955	2.00630964117892
NAPSA	0.00239929726901447	0.0077023776790552	0.00531423403820502	0.00293201918130393	0.011144170715478	0.00187890727150889	2.00969647211187
SLPI	0.000708987395050054	0.00569461998186613	0.000881603884754135	0.0062754677940201	0.161903069726588	0.0086642167957258	1.99759739377919
FOLR1	0.000405007725812649	0.00465666865977163	0.000542041527963261	0.00189076879522303	0.00827726172488272	0.0307253080980548	1.93633015155792
MUC1	0.00169378959861992	0.00428123271720916	0.00117663850590348	0.0118594781645052	0.0022608619899841	0.0187653560867868	1.65919131685706
KRT19	0.00106996606938117	0.114494502939444	0.000280104081935492	0.00189076879522303	0.00574133154307826	0.00148413648665201	1.61565734077902
C16orf89	6.49582351875663e-05	0.00147616776806569	0.000132466974436104	0.00243571663950826	0	0.168918660128466	1.54019657036837
SLC34A2	0.000292924394947735	0.000638215811396668	0.000143116901026861	0.00228168084071233	0.000449930560645875	0.00278371152518683	1.45846774073208
KRT8	0.0020594730866934	0.0187322176897038	0.00252746940450769	0.26384087229823	0.0332081461979442	0.0271504947530675	1.49905319143744
LCN2	0.000298061843698882	0.000940938521082174	0.000154144560316572	0.00321892748822223	0	0.00307175563967876	1.41874213471132
EPCAM	0.000836102421891264	0.00497402875976488	0.000204825655293847	0.00116129382626041	0.00938715897108379	0.00258412573626849	1.40957931953318
AGR2	0.000484799415427561	0.00152211457432827	0.000320885808919545	0.00308153891301417	0	0.00406839929365214	1.40120102265302
KRT18	0.012195933567499	0.021344664389627	0.0188421637386089	0.541576783054478	0.0294718371281784	0.0308414129906618	1.6483399590324
TACSTD2	0.000695747815010226	0.0463873392610754	0.000184207698160202	0.0386633414488572	0.0839222541608309	0.0172745473913568	1.38876288610346
PIGR	0.000204777960627534	0.00270273088246991	0.00176209960954037	0	0.00156041959826456	0.000688958267786513	1.3125393188701
MGST1	0.000916885013648686	0.0670057780747293	0.00071640744703631	0.00749179758868375	0.000905988193584971	0.416635734022412	1.47181307428023
ELF3	0.000547601959977587	0.00129845148406298	0.0011138390619538	0.00527179896176516	0.000334261456174714	0.0039624251830528	1.24086360798163
SMIM22	0.000254457229171358	0.00146829009288468	0.00151863984891441	0.000390912045489301	0	0.00169414459412068	1.23620877953137
SFTPA1	0.000752152349379592	0.000243660739058407	0.000192325905534399	0.00228168084071233	0.00214012422059712	0.0035045715655243	1.17867771457223
C19orf33	0.000662847772904439	0.00654470656582719	0.000367262945736363	0	0.027228703590101	0.00181198420883721	1.06117183727377
KRT7	0.00300452195493246	0.00628754021828635	0.000751798729178783	0.0057906564775404	0.000197769055526222	0.0138206747785273	0.976069349962122
CEACAM6	0.000545315648899446	0.00210325558050799	6.99831352663137e-05	0.000390912045489301	0.00161465526197516	0.00261241358194391	0.90176664128023
S100A14	0.00020360082464223	0.00150439220097562	0.000174964102755787	0.00691860078455328	0.000532657404265335	0.00334617028176535	0.887435347893659
GPRC5A	0.00131219112175197	0.0168266518236833	0.000109059271216942	0.119592580795288	0.0120253879601876	0.139571997416069	0.925657939630396
MDK	0.00393760330350677	0.0171148308908265	0.0299193806421535	0.256129121937595	0.428337010607195	0.987900690872799	1.28660261056002
SFTPD	8.62140866305808e-05	0.00590916523226985	5.79900227884287e-05	0.000594493111411294	0.0019397506303194	0.0017317266843309	0.860033457559698
EPHX1	0.00218027445577806	0.0895516217359093	0.0148660896719876	0.540661974608243	0.648787319283736	0.763028003974939	1.19306466242846
NKX2-1	0.000335815678604798	0.000173988267924586	2.52624253816786e-06	0.000390912045489301	0	0	0.835073123398949
SUSD2	0.000317809265370783	0.00232684607394257	8.87550821253304e-05	0.139933835543119	0	0.0520866901405686	0.851290894255919
SFTPA2	0.00028625617684063	0.00020636346605089	0.000439058294641072	0.00189076879522303	0.004610831110101	0	0.829304655299467
CLDN3	0.000951918794710414	9.1579541360658e-05	0.000908912853591228	0.0041627192235255	0.00110808776326157	0.000541576840388725	0.787516335599563
CXCL14	0.000622543641824652	0.00462895592053731	0.000611687908531489	0.00476472236297943	0.00222712208779805	0.236652462083425	0.834986333426307
CLDN7	0.00146556435377652	0.0311696528273019	0.00147795578074882	0.0125507390630114	0.0199708068541933	0.00504136390267057	0.795184107948752
AGR3	0.000216232733751731	0.000666901456449929	3.26926381445925e-05	0	0	0.00352153809998325	0.773487830302295
SCGB3A1	0.0152850843855374	0.0144652405561295	0.000880980125500078	0.00133980792957348	0.0274167999582428	0	0.827191628147574
SFTA3	0.000267151938625765	0.000377317218520256	1.48158780632589e-05	0	0	0	0.735737794006572
SLC22A31	0.00043918390122671	0.00108607483886139	0.00317807181078093	0.00351465922135573	0.00160787949721779	0.0111000805719128	0.738697541601518
PDZK1IP1	0.000135854299330105	0.000640668534395987	0.000280855533008403	0.00375684392321241	0	0.00922732229013323	0.728970400726094
SDC1	0.000781115605921077	0.00271930845624987	0.106376441409614	0.00285310430841132	0	0.055146578083976	0.969799462486716
GDF15	0.000764749763890488	0.0391317755855315	0.000448763717080676	0.074150235076527	0.0845753390024724	0.242275091669051	0.770253096608555
LGALS3BP	0.0453265606135227	0.14661066582096	0.00981882793352275	0.91025790306238	0.00622337988118806	0.858908255322209	1.18372288395377
TCEA3	0.00635178403045399	0.0105299749871676	0.000542075279959232	0.0740937900019216	0.0377885794183284	0.140468920529138	0.745894576661727
EFNA1	0.000864753862313594	0.00746587253685816	0.00238171156009962	0.0937926860432048	0.574222868082056	0.0413685233074252	0.748902285519768
NQO1	0.0104786500920206	0.00932748482008891	0.00398498145026752	0.0529604788402935	0.281370204727045	0.029714743417676	0.767055617220261
SLC44A4	0.00194929314180535	0.00195384127354761	0.000559281846778108	0.00167519215699081	0.014057533695367	0.00187555713633613	0.680246159259011
SCGB1A1	0.00144327308277482	0.00168726639905636	0.000382934938693614	0.00122161571796124	0.00398539596767517	0.00108684388663479	0.673545542184044
SOX4	0.0255868282517916	0.180727695758812	0.032681874527392	0.519734022067143	0.51934439440093	1.0459162418962	1.15683104276657
CYB5A	0.0919404359238407	0.208915166006683	0.100132099744513	0.276672252953708	1.46978006260247	0.725528285056976	1.62873653657296
CRNDE	0.00589219910554419	0.00646941910942628	0.0102678577952929	0.0151715700704973	0.041460414605848	0.00715486085065738	0.706063276178697
CXCL17	9.77007824724741e-05	0	3.56196591916108e-05	0	0	0	0.622831015867345
FXYD3	0.000184205365396641	0.00100417682766682	0.000106795470535568	0	0	0	0.620994929215487
MGLL	0.00592192421209326	0.128229352433314	0.0286803190955771	0.494717877042163	0.823050276160811	0.240694600717792	0.856999987854677
PON2	0.0168364426084174	0.0958794658249117	0.00642901364309149	0.271029914997436	0.513922676127493	0.15172623390932	0.794542272932389
DDR1	0.00212930660460219	0.0101628989085816	0.0104546460437282	0.0482895080859845	0.00534115604236365	0.0340880954115959	0.632299538359922
